-57.9282519 141.3853106 3588.502
-57.9283617 141.3854274 3594.502
-57.9284477 141.3855264 3602.502
-57.9285431 141.3856253 3611.502
-57.9293738 141.3865157 3632.502
-57.9295028 141.3866596 3636.502
-57.9296794 141.3868396 3635.502
-57.9297987 141.3869744 3640.502
-57.9299324 141.3871184 3645.502
-57.9300804 141.3872803 3646.502
-57.9302046 141.3874062 3654.502
-57.9303812 141.3875950 3653.502
-57.9305864 141.3878109 3649.502
-57.9306724 141.3879098 3659.502
-57.9314125 141.3896181 3666.502
-57.9315653 141.3897800 3668.502
-57.9317658 141.3899868 3665.502
-57.9319043 141.3901307 3670.502
-57.9321287 141.3903555 3664.502
-57.9323626 141.3906074 3658.502
-57.9324962 141.3907423 3661.502
-57.9326490 141.3909042 3665.502
-57.9328400 141.3911021 3662.502
-57.9331169 141.3913809 3651.502
-57.9334463 141.3917136 3632.502
-57.9337853 141.3920554 3613.502
-57.9339523 141.3922353 3613.502
-57.9341147 141.3924062 3614.502
-57.9342483 141.3925500 3619.502
-57.9343963 141.3927030 3622.502
-57.9345205 141.3928378 3627.502
-57.9345969 141.3929189 3638.502
-57.9347688 141.3930987 3639.502
-57.9348738 141.3932155 3647.502
-57.9349979 141.3933505 3652.502
-57.9351220 141.3934855 3658.502
-57.9352748 141.3936473 3660.502
-57.9355231 141.3938991 3650.502
-57.9357761 141.3941599 3641.502
-57.9359289 141.3943219 3642.502
-57.9362487 141.3946456 3624.502
-57.9364922 141.3948884 3614.502
-57.9367357 141.3951402 3605.502
-57.9370222 141.3954281 3590.502
-57.9371845 141.3955989 3590.502
-57.9375043 141.3959227 3571.502
-57.9375760 141.3960037 3583.502
-57.9378051 141.3962374 3572.502
-57.9379913 141.3964354 3571.502
-57.9381106 141.3965613 3576.502
-57.9382538 141.3967142 3581.502
-57.9384019 141.3968670 3582.502
-57.9385260 141.3970110 3588.502
-57.9386884 141.3971820 3589.502
-57.9388029 141.3972988 3596.502
-57.9389796 141.3974877 3595.502
-57.9391800 141.3976945 3590.502
-57.9393518 141.3978744 3588.502
-57.9395333 141.3980633 3587.502
-57.9396765 141.3982161 3590.502
-57.9398245 141.3983781 3592.502
-57.9399583 141.3985129 3596.502
-57.9401206 141.3986838 3598.502
-57.9402925 141.3988636 3597.502
-57.9404213 141.3990076 3601.502
-57.9405549 141.3991514 3606.502
-57.9406791 141.3992864 3613.502
-57.9408701 141.3994843 3609.502
-57.9410372 141.3996642 3609.502
-57.9412998 141.3999250 3592.502
-57.9414096 141.4000509 3601.502
-57.9417486 141.4004016 3599.502
-57.9418918 141.4005636 3604.502
-57.9419968 141.4006804 3612.502
-57.9421543 141.4008424 3614.502
-57.9422641 141.4009683 3623.502
-57.9423739 141.4010851 3631.502
-57.9424837 141.4012110 3640.502
-57.9425888 141.4013280 3650.502
-57.9426890 141.4014450 3661.502
-57.9431999 141.4020115 3689.502
-57.9433240 141.4021464 3696.502
-57.9434434 141.4022814 3704.502
-57.9436057 141.4024523 3706.502
-57.9438110 141.4026592 3698.502
-57.9440258 141.4028840 3691.502
-57.9442024 141.4030729 3688.502
-57.9443505 141.4032347 3693.502
-57.9444937 141.4033876 3696.502
-57.9446369 141.4035405 3700.502
-57.9448136 141.4037294 3700.502
-57.9449567 141.4038823 3704.502
-57.9450761 141.4040171 3713.502
-57.9452146 141.4041700 3718.502
-57.9453339 141.4043050 3727.502
-57.9454390 141.4044308 3740.502
-57.9455726 141.4045748 3748.502
-57.9457779 141.4047905 3741.502
-57.9459736 141.4049885 3734.502
-57.9463651 141.4054291 3759.502
-57.9464892 141.4055641 3768.502
-57.9466038 141.4056990 3779.502
-57.9467471 141.4058608 3786.502
-57.9468998 141.4060229 3788.502
-57.9470717 141.4062027 3788.502
-57.9472675 141.4064095 3783.502
-57.9474107 141.4065714 3789.502
-57.9476016 141.4067692 3783.502
-57.9478451 141.4070120 3767.502
-57.9480457 141.4072189 3759.502
-57.9482510 141.4074348 3749.502
-57.9484467 141.4076416 3744.502
-57.9486377 141.4078395 3738.502
-57.9488477 141.4080553 3729.502
-57.9490101 141.4082262 3728.502
-57.9492057 141.4084332 3720.502
-57.9493681 141.4086039 3722.502
-57.9495209 141.4087748 3727.502
-57.9496737 141.4089457 3729.502
-57.9498408 141.4091166 3727.502
-57.9505139 141.4098811 3772.502
-57.9506667 141.4100520 3775.502
-57.9508289 141.4102229 3778.502
-57.9509817 141.4103937 3781.502
-57.9512014 141.4106186 3767.502
-57.9513780 141.4108075 3763.502
-57.9515593 141.4109963 3761.502
-57.9517026 141.4111583 3767.502
-57.9518554 141.4113292 3769.502
-57.9520559 141.4115360 3762.502
-57.9522325 141.4117248 3758.502
-57.9523996 141.4119046 3756.502
-57.9525811 141.4120935 3752.502
-57.9527529 141.4122735 3749.502
-57.9529200 141.4124623 3752.502
-57.9530776 141.4126332 3752.502
-57.9532590 141.4128221 3748.502
-57.9534213 141.4130020 3748.502
-57.9535979 141.4131909 3745.502
-57.9537793 141.4133797 3739.502
-57.9539703 141.4135775 3729.502
-57.9541613 141.4137755 3720.502
-57.9543523 141.4139733 3710.502
-57.9545145 141.4141531 3707.502
-57.9546864 141.4143330 3705.502
-57.9548440 141.4145129 3709.502
-57.9549872 141.4146747 3716.502
-57.9551591 141.4148547 3712.502
-57.9553214 141.4150345 3713.502
-57.9554837 141.4152144 3714.502
-57.9556461 141.4153943 3715.502
-57.9558036 141.4155652 3714.502
-57.9559611 141.4157361 3717.502
-57.9561187 141.4159159 3720.502
-57.9562858 141.4160959 3719.502
-57.9564577 141.4162757 3719.502
-57.9566152 141.4164556 3720.502
-57.9567918 141.4166354 3713.502
-57.9569638 141.4168243 3707.502
-57.9571452 141.4170131 3699.502
-57.9573266 141.4172020 3685.502
-57.9575128 141.4173909 3674.502
-57.9576798 141.4175708 3669.502
-57.9578374 141.4177417 3669.502
-57.9579902 141.4179215 3674.502
-57.9581429 141.4180925 3680.502
-57.9583004 141.4182634 3684.502
-57.9584532 141.4184342 3690.502
-57.9586060 141.4186140 3695.502
-57.9587540 141.4187850 3702.502
-57.9589068 141.4189559 3713.502
-57.9590548 141.4191267 3723.502
-57.9592028 141.4193067 3734.502
-57.9593555 141.4194775 3741.502
-57.9595131 141.4196573 3744.502
-57.9596706 141.4198372 3747.502
-57.9598377 141.4200171 3751.502
-57.9600001 141.4202060 3755.502
-57.9601529 141.4203769 3761.502
-57.9603104 141.4205567 3768.502
-57.9604679 141.4207455 3777.502
-57.9606303 141.4209255 3783.502
-57.9607926 141.4211054 3787.502
-57.9609501 141.4212943 3795.502
-57.9611077 141.4214742 3802.502
-57.9612748 141.4216630 3809.502
-57.9614323 141.4218429 3817.502
-57.9615899 141.4220317 3828.502
-57.9617618 141.4222296 3833.502
-57.9619240 141.4224095 3835.502
-57.9620912 141.4225984 3837.502
-57.9622534 141.4227783 3838.502
-57.9624206 141.4229671 3842.502
-57.9625877 141.4231650 3850.502
-57.9627500 141.4233447 3851.502
-57.9629218 141.4235337 3850.502
-57.9630698 141.4237857 3846.502
-57.9632368 141.4239747 3846.502
-57.9634039 141.4241635 3845.502
-57.9635711 141.4243524 3846.502
-57.9637382 141.4245412 3847.502
-57.9639004 141.4247211 3849.502
-57.9640723 141.4249100 3851.502
-57.9642442 141.4251078 3853.502
-57.9644114 141.4252967 3852.502
-57.9645784 141.4254857 3854.502
-57.9647407 141.4256745 3858.502
-57.9649126 141.4258634 3855.502
-57.9650749 141.4260432 3858.502
-57.9652515 141.4262411 3859.502
-57.9654186 141.4264300 3859.502
-57.9655904 141.4266278 3864.502
-57.9657576 141.4268167 3870.502
-57.9659390 141.4270325 3882.502
-57.9661061 141.4272214 3883.502
-57.9662731 141.4274193 3888.502
-57.9664546 141.4276261 3894.502
-57.9666217 141.4278330 3907.502
-57.9668079 141.4280578 3923.502
-57.9669941 141.4282827 3940.502
-57.9671851 141.4285075 3955.502
-57.9673712 141.4287413 3971.502
-57.9675574 141.4289662 3990.502
-57.9677484 141.4292000 4008.502
-57.9679393 141.4294339 4022.502
-57.9681303 141.4296588 4035.502
-57.9683165 141.4298746 4046.502
-57.9685027 141.4300904 4052.502
-57.9686842 141.4302973 4054.502
-57.9688608 141.4305041 4059.502
-57.9690422 141.4307200 4062.502
-57.9692236 141.4309178 4062.502
-57.9694002 141.4311246 4065.502
-57.9695769 141.4313316 4067.502
-57.9697631 141.4315384 4068.502
-57.9699350 141.4317362 4067.502
-57.9701116 141.4319341 4068.502
-57.9702978 141.4321500 4072.502
-57.9704840 141.4323658 4074.502
-57.9706606 141.4325637 4073.502
-57.9708324 141.4327615 4071.502
-57.9710044 141.4329595 4072.502
-57.9711858 141.4331662 4072.502
-57.9713672 141.4333732 4073.502
-57.9715390 141.4335710 4072.502
-57.9717205 141.4337688 4071.502
-57.9718876 141.4339666 4070.502
-57.9720595 141.4341646 4068.502
-57.9722456 141.4343715 4068.502
-57.9724127 141.4345603 4065.502
-57.9725894 141.4347673 4066.502
-57.9727565 141.4349471 4062.502
-57.9729331 141.4351540 4060.502
-57.9731098 141.4353608 4060.502
-57.9732768 141.4355407 4053.502
-57.9734392 141.4357205 4049.502
-57.9735967 141.4359004 4041.502
-57.9740885 141.4364492 4027.502
-57.9742556 141.4366379 4024.502
-57.9744083 141.4368089 4017.502
-57.9745658 141.4369797 4010.502
-57.9747186 141.4371506 4001.502
-57.9748714 141.4373214 3994.502
-57.9750242 141.4374923 3988.502
-57.9752247 141.4377261 3994.502
-57.9753584 141.4378702 3982.502
-57.9755350 141.4380769 3982.502
-57.9756926 141.4382568 3977.502
-57.9758549 141.4384366 3974.502
-57.9760125 141.4386165 3970.502
-57.9761843 141.4388054 3967.502
-57.9763466 141.4389943 3963.502
-57.9765042 141.4391741 3958.502
-57.9766474 141.4393270 3950.502
-57.9767859 141.4394800 3939.502
-57.9769577 141.4396869 3940.502
-57.9771009 141.4398396 3932.502
-57.9772680 141.4400286 3929.502
-57.9777311 141.4405592 3917.502
-57.9778696 141.4407120 3908.502
-57.9784186 141.4413147 3871.502
-57.9785380 141.4414496 3859.502
-57.9786478 141.4415575 3844.502
-57.9787815 141.4417104 3835.502
-57.9789103 141.4418453 3825.502
-57.9790440 141.4419982 3816.502
-57.9791681 141.4421332 3807.502
-57.9792827 141.4422500 3793.502
-57.9793974 141.4423759 3782.502
-57.9795310 141.4425288 3775.502
-57.9796312 141.4426278 3758.502
-57.9797172 141.4427178 3741.502
-57.9814645 141.4446694 3631.502
-57.9815982 141.4448132 3625.502
-57.9817509 141.4450021 3623.502
-57.9819181 141.4451910 3624.502
-57.9821138 141.4454338 3631.502
-57.9823334 141.4456947 3642.502
-57.9825340 141.4459376 3649.502
-57.9827153 141.4461533 3654.502
-57.9829111 141.4463872 3659.502
-57.9831068 141.4466210 3666.502
-57.9832931 141.4468458 3671.502
-57.9835126 141.4471156 3681.502
-57.9836892 141.4473225 3682.502
-57.9838659 141.4475294 3685.502
-57.9840425 141.4477362 3687.502
-57.9842144 141.4479431 3688.502
-57.9843767 141.4481319 3689.502
-57.9845152 141.4482939 3685.502
-57.9847253 141.4485457 3692.502
-57.9849400 141.4488065 3700.502
-57.9851836 141.4491033 3713.502
-57.9854748 141.4494630 3735.502
-57.9857230 141.4497689 3749.502
-57.9859713 141.4500656 3760.502
-57.9862052 141.4503534 3771.502
-57.9864201 141.4506142 3779.502
-57.9866014 141.4508301 3781.502
-57.9868020 141.4510730 3786.502
-57.9869787 141.4512798 3787.502
-57.9871409 141.4514687 3787.502
-57.9873510 141.4517295 3793.502
-57.9875229 141.4519273 3793.502
-57.9877139 141.4521523 3796.502
-57.9879048 141.4523860 3799.502
-57.9881053 141.4526199 3803.502
-57.9883011 141.4528537 3807.502
-57.9885398 141.4531505 3817.502
-57.9886925 141.4533304 3815.502
-57.9888501 141.4535102 3812.502
-57.9889886 141.4536722 3808.502
-57.9891365 141.4538431 3802.502
-57.9892511 141.4539689 3795.502
-57.9893991 141.4541488 3792.502
-57.9896378 141.4544456 3803.502
-57.9898097 141.4546435 3803.502
-57.9899291 141.4547785 3793.502
-57.9900198 141.4548773 3783.502
-57.9902824 141.4552010 3795.502
-57.9903540 141.4552731 3782.502
-57.9905210 141.4554709 3780.502
-57.9907120 141.4556958 3783.502
-57.9908648 141.4558757 3780.502
-57.9910224 141.4560645 3778.502
-57.9911751 141.4562444 3776.502
-57.9913278 141.4564243 3774.502
-57.9914042 141.4565052 3763.502
-57.9916525 141.4568110 3773.502
-57.9917957 141.4569730 3767.502
-57.9919628 141.4571707 3767.502
-57.9920917 141.4563888 3738.502
-57.9922254 141.4565418 3733.502
-57.9923638 141.4566947 3728.502
-57.9924975 141.4568476 3725.502
-57.9926693 141.4570544 3724.502
-57.9928221 141.4572343 3724.502
-57.9929414 141.4573692 3716.502
-57.9930512 141.4574952 3709.502
-57.9931850 141.4576481 3706.502
-57.9933472 141.4578369 3704.502
-57.9934570 141.4579628 3696.502
-57.9935860 141.4581157 3692.502
-57.9937674 141.4583227 3693.502
-57.9939870 141.4585834 3698.502
-57.9942162 141.4588622 3706.502
-57.9944309 141.4591140 3712.502
-57.9946077 141.4593299 3713.502
-57.9948320 141.4595907 3718.502
-57.9949323 141.4596986 3710.502
-57.9950803 141.4598785 3707.502
-57.9952569 141.4600854 3707.502
-57.9955051 141.4603821 3715.502
-57.9956102 141.4604991 3709.502
-57.9959110 141.4608588 3723.502
-57.9980784 141.4634490 3786.502
-57.9987707 141.4642944 3839.502
-57.9280257 141.3859842 3575.981
-57.9280925 141.3860650 3585.981
-57.9282119 141.3861910 3590.981
-57.9283885 141.3863799 3591.981
-57.9285173 141.3865148 3595.981
-57.9286511 141.3866586 3598.981
-57.9288325 141.3868565 3598.981
-57.9289423 141.3869734 3604.981
-57.9290473 141.3870904 3611.981
-57.9292717 141.3873243 3607.981
-57.9293768 141.3874412 3614.981
-57.9295056 141.3875851 3617.981
-57.9296776 141.3877649 3618.981
-57.9297825 141.3878818 3625.981
-57.9299353 141.3880437 3627.981
-57.9300785 141.3881967 3631.981
-57.9302027 141.3883315 3636.981
-57.9303315 141.3884754 3640.981
-57.9304605 141.3886193 3646.981
-57.9305846 141.3887543 3651.981
-57.9307088 141.3888801 3657.981
-57.9308186 141.3890061 3662.981
-57.9309904 141.3891860 3664.981
-57.9311481 141.3898959 3648.981
-57.9312914 141.3900489 3653.981
-57.9314011 141.3901658 3660.981
-57.9315778 141.3903546 3660.981
-57.9318022 141.3905885 3655.981
-57.9320552 141.3908494 3646.981
-57.9322414 141.3910472 3645.981
-57.9323942 141.3912091 3646.981
-57.9341319 141.3930169 3607.981
-57.9342417 141.3931428 3613.981
-57.9343754 141.3932867 3619.981
-57.9344661 141.3933855 3627.981
-57.9345664 141.3934935 3635.981
-57.9347001 141.3936464 3641.981
-57.9348337 141.3937903 3645.981
-57.9349292 141.3938982 3653.981
-57.9371587 141.3961826 3546.981
-57.9373927 141.3964254 3535.981
-57.9375407 141.3965874 3539.981
-57.9376457 141.3967043 3547.981
-57.9377603 141.3968302 3551.981
-57.9378892 141.3969651 3556.981
-57.9380085 141.3971000 3562.981
-57.9381423 141.3972439 3568.981
-57.9382807 141.3973969 3570.981
-57.9384191 141.3975407 3575.981
-57.9385433 141.3976846 3581.981
-57.9386531 141.3978015 3587.981
-57.9387819 141.3979455 3592.981
-57.9389778 141.3981523 3589.981
-57.9391544 141.3983412 3588.981
-57.9393119 141.3985120 3589.981
-57.9394647 141.3986739 3591.981
-57.9396556 141.3988718 3586.981
-57.9398275 141.3990516 3585.981
-57.9399899 141.3992315 3587.981
-57.9401236 141.3993755 3590.981
-57.9402716 141.3995374 3593.981
-57.9404339 141.3997082 3592.981
-57.9405722 141.3998611 3597.981
-57.9406965 141.4000050 3602.981
-57.9409018 141.4002119 3597.981
-57.9411166 141.4004368 3590.981
-57.9413076 141.4006436 3584.981
-57.9414747 141.4008145 3584.981
-57.9416131 141.4009673 3588.981
-57.9417324 141.4011023 3597.981
-57.9418661 141.4012462 3600.981
-57.9419807 141.4013811 3609.981
-57.9420905 141.4015070 3616.981
-57.9422099 141.4016419 3625.981
-57.9423292 141.4017768 3632.981
-57.9424295 141.4018938 3642.981
-57.9425822 141.4020556 3645.981
-57.9427063 141.4021905 3650.981
-57.9428162 141.4023254 3660.981
-57.9429594 141.4024783 3665.981
-57.9430978 141.4026312 3670.981
-57.9432458 141.4027931 3672.981
-57.9434368 141.4029909 3668.981
-57.9437328 141.4032968 3647.981
-57.9438474 141.4034227 3655.981
-57.9440288 141.4036206 3653.981
-57.9442054 141.4038094 3650.981
-57.9443630 141.4039803 3653.981
-57.9444919 141.4041241 3657.981
-57.9446017 141.4042502 3668.981
-57.9447258 141.4043849 3677.981
-57.9448500 141.4045289 3683.981
-57.9449884 141.4046818 3689.981
-57.9451316 141.4048437 3694.981
-57.9461915 141.4060399 3750.981
-57.9463252 141.4061927 3758.981
-57.9464493 141.4063366 3764.981
-57.9466164 141.4065165 3767.981
-57.9467549 141.4066694 3771.981
-57.9469459 141.4068763 3769.981
-57.9471607 141.4071012 3758.981
-57.9473039 141.4072630 3763.981
-57.9479961 141.4079735 3720.981
-57.9482014 141.4081894 3711.981
-57.9484258 141.4084233 3696.981
-57.9486741 141.4086750 3679.981
-57.9488412 141.4088639 3677.981
-57.9489796 141.4090167 3679.981
-57.9491611 141.4092057 3678.981
-57.9493138 141.4093767 3680.981
-57.9494427 141.4095295 3690.981
-57.9495859 141.4096913 3693.981
-57.9497292 141.4098532 3699.981
-57.9498581 141.4099971 3709.981
-57.9499822 141.4101499 3717.981
-57.9501397 141.4103208 3722.981
-57.9502830 141.4104828 3729.981
-57.9504310 141.4106537 3732.981
-57.9505837 141.4108247 3735.981
-57.9507460 141.4109954 3735.981
-57.9509083 141.4111842 3738.981
-57.9510707 141.4113552 3737.981
-57.9512330 141.4115350 3740.981
-57.9514383 141.4117510 3728.981
-57.9515625 141.4119038 3739.981
-57.9517296 141.4120837 3740.981
-57.9518680 141.4122455 3748.981
-57.9520112 141.4124075 3753.981
-57.9521735 141.4125874 3753.981
-57.9523549 141.4127853 3749.981
-57.9525268 141.4129742 3747.981
-57.9527034 141.4131629 3743.981
-57.9528801 141.4133518 3740.981
-57.9530473 141.4135406 3737.981
-57.9532238 141.4137296 3736.981
-57.9533766 141.4139004 3735.981
-57.9535580 141.4140982 3732.981
-57.9537443 141.4142963 3727.981
-57.9539066 141.4144760 3727.981
-57.9540593 141.4146558 3727.981
-57.9542455 141.4148538 3720.981
-57.9544317 141.4150516 3711.981
-57.9545988 141.4152314 3709.981
-57.9547563 141.4154115 3709.981
-57.9549139 141.4155913 3714.981
-57.9550762 141.4157712 3715.981
-57.9552385 141.4159509 3715.981
-57.9554009 141.4161309 3714.981
-57.9555632 141.4163108 3715.981
-57.9557207 141.4164906 3715.981
-57.9558879 141.4166705 3713.981
-57.9560501 141.4168593 3715.981
-57.9562029 141.4170302 3718.981
-57.9563891 141.4172281 3710.981
-57.9565466 141.4173990 3706.981
-57.9567280 141.4175968 3699.981
-57.9569191 141.4178037 3686.981
-57.9570766 141.4179745 3681.981
-57.9572485 141.4181634 3677.981
-57.9574108 141.4183345 3672.981
-57.9575779 141.4185233 3670.981
-57.9577402 141.4187121 3672.981
-57.9579025 141.4188920 3674.981
-57.9580554 141.4190628 3676.981
-57.9582033 141.4192427 3681.981
-57.9583561 141.4194137 3686.981
-57.9585088 141.4195935 3691.981
-57.9586617 141.4197643 3698.981
-57.9588096 141.4199443 3709.981
-57.9589481 141.4201242 3723.981
-57.9591057 141.4203040 3734.981
-57.9592489 141.4204749 3741.981
-57.9594016 141.4206547 3745.981
-57.9595782 141.4208527 3750.981
-57.9597215 141.4210325 3757.981
-57.9598743 141.4212124 3767.981
-57.9600318 141.4214013 3776.981
-57.9601893 141.4215811 3783.981
-57.9603565 141.4217701 3779.981
-57.9605188 141.4219498 3781.981
-57.9606763 141.4221478 3796.981
-57.9608196 141.4223277 3809.981
-57.9609961 141.4225255 3812.981
-57.9611537 141.4227053 3816.981
-57.9613017 141.4228942 3828.981
-57.9614688 141.4230921 3837.981
-57.9616359 141.4232809 3837.981
-57.9618031 141.4234699 3836.981
-57.9619702 141.4236678 3840.981
-57.9621372 141.4238565 3841.981
-57.9623043 141.4240454 3837.981
-57.9624619 141.4242253 3841.981
-57.9626337 141.4244322 3842.981
-57.9629249 141.4242167 3843.981
-57.9630919 141.4244235 3849.981
-57.9632542 141.4246033 3850.981
-57.9634262 141.4248012 3846.981
-57.9635932 141.4249900 3848.981
-57.9637555 141.4251790 3849.981
-57.9639275 141.4253769 3851.981
-57.9640946 141.4255656 3852.981
-57.9642521 141.4257545 3853.981
-57.9644144 141.4259433 3856.981
-57.9645910 141.4261412 3857.981
-57.9647534 141.4263392 3859.981
-57.9649252 141.4265370 3861.981
-57.9650923 141.4267258 3860.981
-57.9652546 141.4269146 3858.981
-57.9654265 141.4271215 3865.981
-57.9655985 141.4273194 3877.981
-57.9657751 141.4275353 3882.981
-57.9659469 141.4277331 3886.981
-57.9661093 141.4279219 3891.981
-57.9662811 141.4281379 3900.981
-57.9664625 141.4283537 3910.981
-57.9666391 141.4285696 3925.981
-57.9668254 141.4288034 3942.981
-57.9670115 141.4290283 3955.981
-57.9671930 141.4292440 3969.981
-57.9673839 141.4294779 3986.981
-57.9675749 141.4297209 4003.981
-57.9677563 141.4299456 4019.981
-57.9679521 141.4301884 4034.981
-57.9681382 141.4304133 4048.981
-57.9683149 141.4306202 4054.981
-57.9684963 141.4308360 4056.981
-57.9686777 141.4310520 4058.981
-57.9688544 141.4312587 4061.981
-57.9690358 141.4314747 4063.981
-57.9692124 141.4316815 4066.981
-57.9693986 141.4318973 4067.981
-57.9695657 141.4320951 4069.981
-57.9697424 141.4323020 4069.981
-57.9699190 141.4325089 4069.981
-57.9701052 141.4327247 4072.981
-57.9702819 141.4329316 4073.981
-57.9704537 141.4331295 4072.981
-57.9706447 141.4333543 4075.981
-57.9708070 141.4335521 4076.981
-57.9709980 141.4337769 4079.981
-57.9711650 141.4339748 4075.981
-57.9713274 141.4341636 4073.981
-57.9715088 141.4343706 4070.981
-57.9716855 141.4345775 4072.981
-57.9718669 141.4347933 4073.981
-57.9720436 141.4350002 4075.981
-57.9722059 141.4351891 4071.981
-57.9723682 141.4353780 4065.981
-57.9725401 141.4355757 4061.981
-57.9727167 141.4357825 4059.981
-57.9728837 141.4359804 4059.981
-57.9730747 141.4362052 4061.981
-57.9732323 141.4363852 4057.981
-57.9733898 141.4365651 4050.981
-57.9735474 141.4367449 4043.981
-57.9740534 141.4373384 4037.981
-57.9742063 141.4375184 4030.981
-57.9743638 141.4376892 4021.981
-57.9745309 141.4378871 4016.981
-57.9746884 141.4380671 4012.981
-57.9748555 141.4382650 4008.981
-57.9750131 141.4384448 4003.981
-57.9751897 141.4386607 4004.981
-57.9753616 141.4388675 4003.981
-57.9755143 141.4390384 3997.981
-57.9756624 141.4392093 3990.981
-57.9758056 141.4393711 3981.981
-57.9759727 141.4395689 3977.981
-57.9761445 141.4397669 3977.981
-57.9762973 141.4399468 3973.981
-57.9764501 141.4401176 3964.981
-57.9765742 141.4402614 3950.981
-57.9772187 141.4410170 3938.981
-57.9773619 141.4411788 3931.981
-57.9775052 141.4413497 3925.981
-57.9776245 141.4414757 3910.981
-57.9777343 141.4416016 3895.981
-57.9778441 141.4417185 3881.981
-57.9780017 141.4418984 3873.981
-57.9781926 141.4421323 3883.981
-57.9795055 141.4436072 3754.981
-57.9797300 141.4438860 3770.981
-57.9798589 141.4440389 3762.981
-57.9799877 141.4441828 3753.981
-57.9800594 141.4442547 3733.981
-57.9803076 141.4445695 3750.981
-57.9803792 141.4446415 3735.981
-57.9804986 141.4447764 3723.981
-57.9806084 141.4449023 3712.981
-57.9806752 141.4449652 3692.981
-57.9807612 141.4450552 3676.981
-57.9808853 141.4451991 3667.981
-57.9814248 141.4458376 3647.981
-57.9815155 141.4459367 3636.981
-57.9816444 141.4460896 3629.981
-57.9817971 141.4462694 3628.981
-57.9819212 141.4464133 3621.981
-57.9821075 141.4466381 3627.981
-57.9823080 141.4468899 3635.981
-57.9825085 141.4471328 3642.981
-57.9826804 141.4473486 3646.981
-57.9828714 141.4475824 3649.981
-57.9830527 141.4478073 3654.981
-57.9832581 141.4480592 3662.981
-57.9834538 141.4483019 3668.981
-57.9836973 141.4486078 3683.981
-57.9838119 141.4487427 3675.981
-57.9839741 141.4489314 3675.981
-57.9841174 141.4491024 3670.981
-57.9842463 141.4492553 3666.981
-57.9843943 141.4494352 3662.981
-57.9845423 141.4496060 3660.981
-57.9859507 141.4513868 3760.981
-57.9861512 141.4516386 3764.981
-57.9863469 141.4518725 3769.981
-57.9865522 141.4521243 3774.981
-57.9867241 141.4523313 3775.981
-57.9869008 141.4525470 3777.981
-57.9871109 141.4528169 3784.981
-57.9873066 141.4530507 3788.981
-57.9874784 141.4532665 3789.981
-57.9876646 141.4534914 3791.981
-57.9878413 141.4537072 3792.981
-57.9880036 141.4539052 3792.981
-57.9882328 141.4541839 3799.981
-57.9885144 141.4545437 3816.981
-57.9886338 141.4546786 3809.981
-57.9887817 141.4548675 3806.981
-57.9889345 141.4550474 3804.981
-57.9891207 141.4552721 3805.981
-57.9892734 141.4554610 3805.981
-57.9893976 141.4556050 3798.981
-57.9896221 141.4558838 3804.981
-57.9898082 141.4561176 3808.981
-57.9899944 141.4563424 3808.981
-57.9900899 141.4564504 3799.981
-57.9903477 141.4567742 3809.981
-57.9905434 141.4570079 3813.981
-57.9906724 141.4571699 3808.981
-57.9908108 141.4573318 3803.981
-57.9909636 141.4575206 3801.981
-57.9911116 141.4577005 3798.981
-57.9912691 141.4578894 3797.981
-57.9914028 141.4580512 3791.981
-57.9915461 141.4582221 3787.981
-57.9917131 141.4584290 3787.981
-57.9919851 141.4571883 3757.991
-57.9921617 141.4573951 3756.991
-57.9923623 141.4576380 3761.991
-57.9924768 141.4577639 3754.991
-57.9926010 141.4579167 3747.991
-57.9927824 141.4581326 3748.991
-57.9929303 141.4583125 3746.991
-57.9930975 141.4585104 3747.991
-57.9931929 141.4586183 3738.991
-57.9933744 141.4588342 3737.991
-57.9935128 141.4590049 3734.991
-57.9936322 141.4591400 3727.991
-57.9937658 141.4593019 3723.991
-57.9939425 141.4595176 3724.991
-57.9940856 141.4596796 3721.991
-57.9942672 141.4598953 3722.991
-57.9944104 141.4600662 3719.991
-57.9945679 141.4602552 3719.991
-57.9947111 141.4604260 3714.991
-57.9948783 141.4606329 3714.991
-57.9949785 141.4607498 3706.991
-57.9951313 141.4609297 3704.991
-57.9953270 141.4611636 3707.991
-57.9955180 141.4613884 3709.991
-57.9956802 141.4615862 3708.991
-57.9959572 141.4619190 3720.991
-57.9961863 141.4621979 3723.991
-57.9963869 141.4624406 3728.991
-57.9967068 141.4628364 3743.991
-57.9969359 141.4631062 3749.991
-57.9971985 141.4634300 3760.991
-57.9973704 141.4636278 3758.991
-57.9976282 141.4639427 3768.991
-57.9978764 141.4642484 3775.991
-57.9980387 141.4644372 3774.991
-57.9984588 141.4649499 3798.991
-57.9987692 141.4653277 3812.991
