-43.5993628 147.9879006 539.838
-43.5993738 147.9879265 544.738
-43.5993667 147.9879078 546.538
-43.5993595 147.9878889 548.338
-43.5993497 147.9878637 549.938
-43.5993399 147.9878394 551.338
-43.5993295 147.9878133 552.838
-43.5993177 147.9877855 554.138
-43.5993066 147.9877566 555.438
-43.5993151 147.9877766 560.238
-43.5993464 147.9878476 568.938
-43.5993152 147.9877711 566.938
-43.5992883 147.9877081 565.638
-43.5992603 147.9876407 564.138
-43.5992302 147.9875679 562.038
-43.5992047 147.9875068 560.938
-43.5991839 147.9874564 560.638
-43.5991656 147.9874105 560.938
-43.5991453 147.9873620 560.738
-43.5991283 147.9873207 561.038
-43.5991088 147.9872730 561.038
-43.5990898 147.9872262 561.138
-43.5990722 147.9871840 561.438
-43.5990527 147.9871364 561.438
-43.5990357 147.9870941 561.738
-43.5990154 147.9870447 561.538
-43.5989952 147.9869961 561.438
-43.5989769 147.9869512 561.638
-43.5989579 147.9869053 561.638
-43.5989384 147.9868568 561.538
-43.5989220 147.9868173 562.338
-43.5989018 147.9867678 562.038
-43.5988835 147.9867237 562.138
-43.5988633 147.9866743 562.038
-43.5988470 147.9866338 562.638
-43.5988267 147.9865853 562.538
-43.5988058 147.9865340 562.138
-43.5987876 147.9864891 562.338
-43.5986831 147.9864877 561.458
-43.5986648 147.9864418 561.658
-43.5986478 147.9864005 562.058
-43.5986295 147.9863546 562.158
-43.5986113 147.9863096 562.558
-43.5982411 147.9854079 491.558
-43.5982443 147.9854151 496.258
-43.5982202 147.9853558 494.558
-43.5981961 147.9852956 492.958
-43.5981765 147.9852470 492.058
-43.5981575 147.9851993 491.658
-43.5981392 147.9851544 491.258
-43.5981209 147.9851103 491.058
-43.5981026 147.9850645 490.458
-43.5980836 147.9850177 489.858
-43.5980615 147.9849629 488.658
-43.5980419 147.9849144 487.958
-43.5980224 147.9848658 487.158
-43.5980028 147.9848173 486.358
-43.5979852 147.9847733 485.958
-43.5979675 147.9847301 485.858
-43.5979505 147.9846879 485.758
-43.5979336 147.9846447 485.558
-43.5979179 147.9846069 485.858
-43.5978963 147.9845538 484.658
-43.5978781 147.9845079 483.958
-43.5978598 147.9844621 483.458
-43.5978415 147.9844173 482.858
-43.5978239 147.9843732 482.758
-43.5978056 147.9843273 482.158
-43.5977866 147.9842814 481.558
-43.5977670 147.9842329 480.658
-43.5977494 147.9841888 480.258
-43.5977312 147.9841448 479.858
-43.5977148 147.9841034 479.758
-43.5976986 147.9840630 479.858
-43.5976809 147.9840198 479.558
-43.5976646 147.9839785 479.558
-43.5976476 147.9839371 479.358
-43.5976300 147.9838921 478.858
-43.5976130 147.9838500 478.558
-43.5975959 147.9838086 478.358
-43.5975790 147.9837663 478.358
-43.5975621 147.9837250 478.158
-43.5975458 147.9836845 478.258
-43.5975295 147.9836441 478.258
-43.5975124 147.9836018 478.158
-43.5974954 147.9835594 477.758
-43.5974778 147.9835164 477.458
-43.5974602 147.9834723 476.858
-43.5974432 147.9834301 476.858
-43.5974263 147.9833878 476.458
-43.5974066 147.9833402 475.458
-43.5973897 147.9832979 475.058
-43.5973734 147.9832574 475.058
-43.5973564 147.9832143 474.758
-43.5973394 147.9831738 474.558
-43.5973225 147.9831316 474.358
-43.5973035 147.9830839 473.258
-43.5972865 147.9830417 473.058
-43.5972696 147.9830004 472.758
-43.5972539 147.9829608 472.858
-43.5972389 147.9829231 473.258
-43.5972225 147.9828835 473.458
-43.5972062 147.9828430 473.458
-43.5971886 147.9827999 472.958
-43.5971729 147.9827603 473.058
-43.5971560 147.9827190 472.858
-43.5971390 147.9826758 472.458
-43.5971226 147.9826363 472.558
-43.5971063 147.9825949 472.358
-43.5970881 147.9825509 471.158
-43.5970711 147.9825086 471.058
-43.5970547 147.9824682 470.958
-43.5970397 147.9824303 471.458
-43.5970246 147.9823935 472.158
-43.5970077 147.9823512 471.658
-43.5969881 147.9823036 470.158
-43.5969712 147.9822613 469.758
-43.5969574 147.9822273 470.958
-43.5969424 147.9821894 471.758
-43.5969248 147.9821472 470.958
-43.5969065 147.9821014 469.758
-43.5968922 147.9820653 470.558
-43.5968753 147.9820240 470.558
-43.5968576 147.9819800 469.458
-43.5968406 147.9819387 469.058
-43.5968256 147.9819008 469.658
-43.5968112 147.9818641 470.658
-43.5967936 147.9818218 469.958
-43.5967747 147.9817750 468.158
-43.5967583 147.9817355 468.258
-43.5967433 147.9816977 468.958
-43.5967276 147.9816590 469.458
-43.5967120 147.9816195 469.658
-43.5966957 147.9815790 469.458
-43.5966793 147.9815394 469.358
-43.5966623 147.9814972 468.558
-43.5966453 147.9814558 467.858
-43.5966304 147.9814189 468.958
-43.5966147 147.9813785 469.258
-43.5965977 147.9813372 468.358
-43.5965808 147.9812959 468.158
-43.5965657 147.9812580 469.058
-43.5965501 147.9812194 469.858
-43.5965331 147.9811781 469.058
-43.5965167 147.9811367 468.558
-43.5965004 147.9810980 468.858
-43.5964847 147.9810576 469.158
-43.5964685 147.9810179 469.558
-43.5964528 147.9809793 469.758
-43.5964364 147.9809390 469.658
-43.5964195 147.9808966 468.458
-43.5964025 147.9808553 467.358
-43.5963862 147.9808149 467.658
-43.5963705 147.9807761 468.258
-43.5963542 147.9807366 468.358
-43.5963385 147.9806961 468.758
-43.5963222 147.9806566 468.158
-43.5963059 147.9806170 468.758
-43.5962902 147.9805775 469.458
-43.5962738 147.9805370 468.958
-43.5962576 147.9804966 468.858
-43.5962412 147.9804570 468.958
-43.5962249 147.9804165 468.258
-43.5962086 147.9803761 468.158
-43.5961923 147.9803366 467.458
-43.5961759 147.9802960 467.258
-43.5961596 147.9802565 467.258
-43.5961433 147.9802161 467.258
-43.5961276 147.9801765 467.358
-43.5960659 147.9801710 467.948
-43.5960496 147.9801314 468.048
-43.5960333 147.9800910 468.148
-43.5960176 147.9800514 467.148
-43.5960013 147.9800119 467.248
-43.5959850 147.9799723 467.348
-43.5959686 147.9799318 467.348
-43.5959524 147.9798922 467.348
-43.5959360 147.9798518 467.448
-43.5959197 147.9798122 467.548
-43.5959040 147.9797727 467.448
-43.5958877 147.9797331 467.248
-43.5958713 147.9796927 467.048
-43.5958558 147.9796540 466.648
-43.5958394 147.9796135 466.448
-43.5958231 147.9795740 466.848
-43.5958067 147.9795344 466.848
-43.5957904 147.9794940 466.948
-43.5957741 147.9794545 466.748
-43.5957584 147.9794158 466.248
-43.5957421 147.9793762 466.248
-43.5957264 147.9793367 466.348
-43.5957094 147.9792962 466.748
-43.5956925 147.9792540 467.648
-43.5956768 147.9792161 467.148
-43.5956612 147.9791775 466.748
-43.5956448 147.9791380 466.648
-43.5956291 147.9790994 466.348
-43.5956128 147.9790588 466.448
-43.5955952 147.9790157 467.348
-43.5955788 147.9789770 467.248
-43.5955632 147.9789376 466.848
-43.5955469 147.9788988 466.648
-43.5955305 147.9788593 466.648
-43.5955156 147.9788216 465.848
-43.5954993 147.9787829 465.748
-43.5954829 147.9787415 466.148
-43.5954666 147.9787028 465.948
-43.5954496 147.9786615 466.448
-43.5954327 147.9786201 467.148
-43.5954163 147.9785806 466.948
-43.5954006 147.9785419 466.448
-43.5953850 147.9785033 466.348
-43.5953673 147.9784619 466.948
-43.5953510 147.9784206 467.248
-43.5953347 147.9783819 466.848
-43.5953189 147.9783442 466.648
-43.5953034 147.9783055 466.348
-43.5952877 147.9782677 465.948
-43.5952720 147.9782300 465.248
-43.5952570 147.9781940 464.748
-43.5952406 147.9781536 464.848
-43.5952224 147.9781096 465.948
-43.5952041 147.9780646 467.048
-43.5951871 147.9780241 467.348
-43.5951715 147.9779855 467.148
-43.5951551 147.9779468 467.048
-43.5951401 147.9779100 466.648
-43.5951251 147.9778739 465.848
-43.5951101 147.9778362 465.348
-43.5950931 147.9777957 465.748
-43.5950748 147.9777518 466.348
-43.5950579 147.9777113 466.648
-43.5950422 147.9776726 466.448
-43.5950271 147.9776358 465.948
-43.5950121 147.9775998 465.448
-43.5949972 147.9775629 464.948
-43.5949815 147.9775260 464.448
-43.5949632 147.9774811 465.248
-43.5949462 147.9774407 465.548
-43.5949306 147.9774020 465.448
-43.5949149 147.9773651 465.248
-43.5948985 147.9773265 464.948
-43.5948848 147.9772923 464.148
-43.5948685 147.9772527 464.348
-43.5948489 147.9772052 465.548
-43.5948300 147.9771601 466.448
-43.5948143 147.9771223 466.048
-43.5948006 147.9770891 465.248
-43.5947856 147.9770531 464.748
-43.5947693 147.9770136 464.748
-43.5947523 147.9769731 464.948
-43.5947373 147.9769363 464.548
-43.5947210 147.9768975 464.548
-43.5947046 147.9768590 464.548
-43.5946883 147.9768185 464.548
-43.5946706 147.9767763 464.948
-43.5946550 147.9767395 464.748
-43.5946407 147.9767043 464.248
-43.5946256 147.9766675 463.848
-43.5946068 147.9766225 464.748
-43.5945911 147.9765848 464.548
-43.5945741 147.9765443 464.648
-43.5945590 147.9765084 464.448
-43.5945420 147.9764670 464.648
-43.5945245 147.9764247 465.048
-43.5945082 147.9763852 464.948
-43.5944925 147.9763483 464.748
-43.5944762 147.9763079 464.848
-43.5944611 147.9762728 464.448
-43.5944474 147.9762386 463.848
-43.5944298 147.9761973 464.048
-43.5944109 147.9761514 464.948
-43.5943952 147.9761145 464.648
-43.5943789 147.9760759 464.548
-43.5943638 147.9760382 464.348
-43.5943488 147.9760022 464.148
-43.5943324 147.9759644 464.048
-43.5943168 147.9759267 463.848
-43.5943011 147.9758890 463.748
-43.5942855 147.9758502 463.748
-43.5942692 147.9758125 463.648
-43.5942528 147.9757720 463.748
-43.5942365 147.9757343 463.748
-43.5942202 147.9756947 463.848
-43.5942039 147.9756543 463.848
-43.5941876 147.9756156 463.748
-43.5941718 147.9755779 463.748
-43.5941568 147.9755428 463.448
-43.5941412 147.9755051 463.348
-43.5941262 147.9754682 463.148
-43.5941091 147.9754287 463.148
-43.5940948 147.9753935 462.848
-43.5940765 147.9753504 463.248
-43.5940602 147.9753108 463.248
-43.5940229 147.9752854 463.518
-43.5940053 147.9752432 463.618
-43.5939903 147.9752072 463.418
-43.5939746 147.9751704 463.318
-43.5939595 147.9751352 462.918
-43.5939426 147.9750939 463.218
-43.5939283 147.9750606 462.818
-43.5939112 147.9750203 462.918
-43.5938956 147.9749824 462.718
-43.5938793 147.9749447 462.818
-43.5938617 147.9749033 463.018
-43.5938440 147.9748611 463.318
-43.5938290 147.9748251 463.118
-43.5938127 147.9747856 463.118
-43.5937984 147.9747523 462.718
-43.5937833 147.9747164 462.618
-43.5937683 147.9746804 462.218
-43.5937514 147.9746399 462.418
-43.5937357 147.9746030 462.418
-43.5937193 147.9745644 462.418
-43.5937023 147.9745239 462.618
-43.5936848 147.9744826 462.818
-43.5936671 147.9744403 463.118
-43.5936501 147.9744017 463.118
-43.5936351 147.9743648 463.018
-43.5936176 147.9743244 463.118
-43.5936018 147.9742857 463.118
-43.5935882 147.9742543 462.618
-43.5935718 147.9742165 462.718
-43.5935574 147.9741814 462.218
-43.5935404 147.9741409 462.418
-43.5935235 147.9741015 462.618
-43.5935065 147.9740610 462.818
-43.5934875 147.9740169 463.218
-43.5934739 147.9739846 462.818
-43.5934562 147.9739414 463.018
-43.5934399 147.9739037 463.018
-43.5934242 147.9738668 462.918
-43.5934046 147.9738201 463.618
-43.5933837 147.9737705 464.318
-43.5933661 147.9737283 464.518
-43.5933479 147.9736851 465.018
-43.5933309 147.9736456 465.018
-43.5933152 147.9736087 464.918
-43.5933035 147.9735800 464.318
-43.5932897 147.9735476 463.918
-43.5932760 147.9735153 463.618
-43.5932584 147.9734748 463.618
-43.5932434 147.9734388 463.318
-43.5932303 147.9734083 463.018
-43.5932127 147.9733650 463.218
-43.5931970 147.9733292 463.118
-43.5931826 147.9732950 462.918
-43.5931684 147.9732617 462.618
-43.5931539 147.9732286 462.318
-43.5931369 147.9731871 462.518
-43.5931213 147.9731493 462.418
-43.5931050 147.9731124 462.318
-43.5930887 147.9730729 462.518
-43.5930717 147.9730334 462.518
-43.5930547 147.9729930 462.718
-43.5930305 147.9729354 464.018
-43.5930123 147.9728922 464.318
-43.5929946 147.9728509 464.618
-43.5929796 147.9728157 464.318
-43.5929652 147.9727808 464.118
-43.5929515 147.9727493 463.718
-43.5929392 147.9727206 463.218
-43.5929242 147.9726845 463.018
-43.5929097 147.9726513 462.818
-43.5928993 147.9726261 461.918
-43.5928830 147.9725874 462.018
-43.5928680 147.9725524 461.918
-43.5928575 147.9725272 461.118
-43.5928419 147.9724903 461.018
-43.5928242 147.9724490 461.218
-43.5928105 147.9724176 460.818
-43.5927949 147.9723798 460.918
-43.5927732 147.9723286 461.718
-43.5927570 147.9722898 461.818
-43.5927425 147.9722566 461.518
-43.5927263 147.9722180 461.618
-43.5927067 147.9721731 462.118
-43.5926950 147.9721452 461.518
-43.5926806 147.9721109 461.318
-43.5926688 147.9720831 460.818
-43.5926558 147.9720525 460.418
-43.5926434 147.9720229 459.918
-43.5926284 147.9719878 459.718
-43.5926127 147.9719519 459.818
-43.5926015 147.9719248 459.118
-43.5994677 147.9879176 542.084
-43.5994573 147.9878934 543.484
-43.5994468 147.9878699 544.884
-43.5994351 147.9878430 546.184
-43.5994227 147.9878151 547.284
-43.5994103 147.9877873 548.384
-43.5993998 147.9877621 549.884
-43.5993894 147.9877378 551.284
-43.5993770 147.9877100 552.584
-43.5993639 147.9876794 553.684
-43.5993509 147.9876488 554.784
-43.5993561 147.9876632 559.084
-43.5993770 147.9877136 566.184
-43.5993522 147.9876552 565.384
-43.5993274 147.9875975 564.484
-43.5992993 147.9875320 563.084
-43.5992718 147.9874680 561.484
-43.5992497 147.9874160 561.084
-43.5992261 147.9873611 560.384
-43.5992060 147.9873135 560.384
-43.5991869 147.9872695 560.484
-43.5991706 147.9872316 560.984
-43.5991536 147.9871912 561.584
-43.5991354 147.9871490 561.884
-43.5991177 147.9871085 562.384
-43.5990975 147.9870608 562.284
-43.5990766 147.9870124 561.984
-43.5990564 147.9869646 561.784
-43.5990356 147.9869152 561.584
-43.5990140 147.9868648 561.384
-43.5989937 147.9868191 561.184
-43.5989748 147.9867741 561.284
-43.5989532 147.9867237 561.284
-43.5989336 147.9866779 561.184
-43.5989167 147.9866374 561.484
-43.5988971 147.9865925 561.684
-43.5988775 147.9865458 561.684
-43.5988573 147.9864990 561.584
-43.5988396 147.9864585 562.084
-43.5988207 147.9864127 562.084
-43.5988118 147.9863565 562.064
-43.5987883 147.9863016 561.364
-43.5987686 147.9862558 561.164
-43.5987471 147.9862055 560.864
-43.5987289 147.9861632 561.264
-43.5983455 147.9852533 488.664
-43.5983449 147.9852525 492.464
-43.5983246 147.9852048 491.764
-43.5983050 147.9851581 491.364
-43.5982868 147.9851167 491.164
-43.5982678 147.9850728 490.864
-43.5982496 147.9850286 490.564
-43.5982307 147.9849855 490.264
-43.5982117 147.9849405 489.864
-43.5981921 147.9848938 489.064
-43.5981699 147.9848426 488.164
-43.5981503 147.9847968 487.564
-43.5981308 147.9847499 486.864
-43.5981125 147.9847068 486.564
-43.5980948 147.9846664 486.464
-43.5980779 147.9846259 486.564
-43.5980609 147.9845855 486.564
-43.5980413 147.9845414 486.264
-43.5980223 147.9844965 485.664
-43.5980021 147.9844479 484.764
-43.5979845 147.9844064 484.464
-43.5979676 147.9843670 484.664
-43.5979486 147.9843221 484.064
-43.5979309 147.9842816 484.164
-43.5979120 147.9842366 483.464
-43.5978918 147.9841899 482.764
-43.5978728 147.9841440 482.164
-43.5978546 147.9841008 481.764
-43.5978349 147.9840551 481.264
-43.5978161 147.9840119 480.664
-43.5977984 147.9839687 480.264
-43.5977801 147.9839264 479.964
-43.5977618 147.9838833 479.664
-43.5977449 147.9838428 479.464
-43.5977273 147.9838024 479.464
-43.5977089 147.9837583 479.064
-43.5976914 147.9837170 478.964
-43.5976731 147.9836739 478.464
-43.5976548 147.9836307 477.864
-43.5976364 147.9835875 477.364
-43.5976189 147.9835452 477.064
-43.5975999 147.9835012 476.664
-43.5975823 147.9834599 476.264
-43.5975646 147.9834176 475.964
-43.5975470 147.9833763 475.664
-43.5975294 147.9833339 475.564
-43.5975112 147.9832918 475.064
-43.5974929 147.9832487 474.564
-43.5974785 147.9832144 475.264
-43.5974628 147.9831767 475.664
-43.5974452 147.9831344 475.264
-43.5974256 147.9830894 474.464
-43.5974093 147.9830499 474.464
-43.5973910 147.9830059 473.864
-43.5973727 147.9829636 473.464
-43.5973551 147.9829222 473.264
-43.5973387 147.9828827 473.164
-43.5973218 147.9828440 473.164
-43.5973061 147.9828054 473.464
-43.5972852 147.9827559 471.764
-43.5972682 147.9827155 471.564
-43.5972526 147.9826787 472.164
-43.5972376 147.9826427 472.664
-43.5972205 147.9826031 472.964
-43.5972036 147.9825626 472.664
-43.5971859 147.9825204 472.264
-43.5971683 147.9824782 471.464
-43.5971507 147.9824368 471.264
-43.5971351 147.9823990 471.564
-43.5971187 147.9823594 471.664
-43.5971018 147.9823200 471.564
-43.5970854 147.9822804 471.564
-43.5970691 147.9822417 471.664
-43.5970528 147.9822030 471.864
-43.5970364 147.9821644 472.064
-43.5970169 147.9821177 470.764
-43.5969979 147.9820727 469.464
-43.5969809 147.9820313 469.064
-43.5969660 147.9819954 469.864
-43.5969496 147.9819568 470.164
-43.5969326 147.9819163 469.864
-43.5969150 147.9818749 469.264
-43.5968987 147.9818354 469.464
-43.5968836 147.9817985 469.964
-43.5968673 147.9817598 470.264
-43.5968504 147.9817185 470.064
-43.5968334 147.9816789 470.064
-43.5968170 147.9816393 470.064
-43.5967987 147.9815953 468.864
-43.5967818 147.9815549 468.464
-43.5967661 147.9815171 469.064
-43.5967511 147.9814811 470.164
-43.5967348 147.9814415 470.164
-43.5967172 147.9813993 469.164
-43.5967009 147.9813589 468.964
-43.5966845 147.9813211 469.564
-43.5966688 147.9812834 470.364
-43.5966538 147.9812465 471.464
-43.5966349 147.9812006 468.964
-43.5966185 147.9811620 469.364
-43.5966029 147.9811234 469.964
-43.5965866 147.9810838 469.964
-43.5965696 147.9810434 469.264
-43.5965526 147.9810028 469.064
-43.5965363 147.9809633 469.264
-43.5965207 147.9809247 469.464
-43.5965037 147.9808842 469.164
-43.5964867 147.9808428 468.364
-43.5964711 147.9808041 468.664
-43.5964541 147.9807647 468.964
-43.5964378 147.9807242 468.464
-43.5964214 147.9806838 467.964
-43.5964044 147.9806433 467.564
-43.5963888 147.9806046 467.864
-43.5963724 147.9805651 468.264
-43.5963561 147.9805255 468.764
-43.5963398 147.9804869 468.764
-43.5963228 147.9804446 466.964
-43.5963064 147.9804051 467.464
-43.5962908 147.9803673 468.564
-43.5962745 147.9803277 469.464
-43.5962582 147.9802873 468.064
-43.5962412 147.9802459 467.064
-43.5962249 147.9802064 467.264
-43.5962092 147.9801668 467.264
-43.5961929 147.9801273 467.064
-43.5961422 147.9801162 467.074
-43.5961259 147.9800766 466.774
-43.5961096 147.9800371 466.774
-43.5960933 147.9799967 467.474
-43.5960775 147.9799571 466.974
-43.5960613 147.9799175 466.774
-43.5960449 147.9798780 466.974
-43.5960286 147.9798384 466.874
-43.5960123 147.9797988 466.874
-43.5959959 147.9797584 467.474
-43.5959803 147.9797197 467.274
-43.5959640 147.9796802 466.874
-43.5959477 147.9796397 467.074
-43.5959320 147.9796010 466.674
-43.5959156 147.9795615 466.374
-43.5959000 147.9795219 466.774
-43.5958837 147.9794824 466.674
-43.5958673 147.9794419 466.374
-43.5958517 147.9794033 465.974
-43.5958360 147.9793637 465.774
-43.5958190 147.9793233 466.374
-43.5958027 147.9792828 467.274
-43.5957864 147.9792432 467.074
-43.5957707 147.9792046 466.474
-43.5957563 147.9791677 465.274
-43.5957368 147.9791210 468.674
-43.5957217 147.9790841 467.374
-43.5957067 147.9790454 466.674
-43.5956910 147.9790077 466.074
-43.5956748 147.9789664 466.474
-43.5956584 147.9789269 466.774
-43.5956428 147.9788872 466.274
-43.5956270 147.9788494 465.874
-43.5956114 147.9788099 465.674
-43.5955944 147.9787685 466.274
-43.5955787 147.9787291 466.674
-43.5955624 147.9786903 466.274
-43.5955474 147.9786517 466.074
-43.5955311 147.9786113 466.274
-43.5955147 147.9785708 466.474
-43.5954990 147.9785321 466.174
-43.5954834 147.9784944 465.674
-43.5954690 147.9784575 464.874
-43.5954554 147.9784233 463.474
-43.5954404 147.9783856 462.974
-43.5954175 147.9783308 466.774
-43.5954005 147.9782885 467.774
-43.5953862 147.9782525 466.574
-43.5953705 147.9782139 466.474
-43.5953548 147.9781752 466.174
-43.5953398 147.9781374 465.874
-43.5953241 147.9780988 465.674
-43.5953092 147.9780611 465.174
-43.5952914 147.9780170 466.274
-43.5952719 147.9779693 467.774
-43.5952562 147.9779298 467.874
-43.5952425 147.9778956 466.774
-43.5952288 147.9778615 465.774
-43.5952138 147.9778237 465.274
-43.5951975 147.9777832 465.374
-43.5951798 147.9777401 466.174
-43.5951642 147.9776996 466.274
-43.5951477 147.9776592 466.374
-43.5951321 147.9776206 466.274
-43.5951171 147.9775828 466.074
-43.5951015 147.9775432 466.074
-43.5950851 147.9775037 466.074
-43.5950682 147.9774615 466.474
-43.5950531 147.9774228 466.174
-43.5950381 147.9773859 465.774
-43.5950231 147.9773482 465.474
-43.5950081 147.9773104 465.274
-43.5949924 147.9772717 465.174
-43.5949761 147.9772313 465.374
-43.5949611 147.9771935 465.174
-43.5949454 147.9771531 465.274
-43.5949291 147.9771135 465.274
-43.5949141 147.9770748 465.074
-43.5948978 147.9770353 465.174
-43.5948821 147.9769948 465.174
-43.5948664 147.9769562 465.274
-43.5948500 147.9769157 465.274
-43.5948325 147.9768716 465.874
-43.5948168 147.9768321 465.874
-43.5948024 147.9767962 465.674
-43.5947880 147.9767603 465.074
-43.5947750 147.9767270 464.174
-43.5947581 147.9766838 464.674
-43.5947411 147.9766433 465.074
-43.5947254 147.9766029 465.074
-43.5947097 147.9765643 464.974
-43.5946941 147.9765238 465.174
-43.5946784 147.9764860 464.874
-43.5946666 147.9764545 463.874
-43.5946490 147.9764105 464.374
-43.5946320 147.9763682 464.874
-43.5946163 147.9763295 464.774
-43.5946013 147.9762927 464.674
-43.5945850 147.9762505 464.874
-43.5945700 147.9762136 464.574
-43.5945582 147.9761830 463.574
-43.5945445 147.9761488 463.074
-43.5945295 147.9761112 462.874
-43.5945079 147.9760571 464.474
-43.5944864 147.9760041 466.074
-43.5944747 147.9759744 464.974
-43.5944616 147.9759403 464.574
-43.5944446 147.9758980 464.774
-43.5944145 147.9758243 468.574
-43.5943996 147.9757866 468.374
-43.5943891 147.9757587 467.074
-43.5943780 147.9757308 465.874
-43.5943650 147.9756985 465.274
-43.5943506 147.9756616 464.974
-43.5943350 147.9756229 464.974
-43.5943193 147.9755834 464.974
-43.5943049 147.9755457 464.674
-43.5942886 147.9755051 464.874
-43.5942755 147.9754728 464.374
-43.5942612 147.9754359 464.174
-43.5942468 147.9754000 463.774
-43.5942311 147.9753605 463.774
-43.5942174 147.9753244 463.574
-43.5942031 147.9752885 463.174
-43.5941880 147.9752508 463.074
-43.5940964 147.9752603 463.794
-43.5940814 147.9752216 463.794
-43.5940657 147.9751838 463.694
-43.5940501 147.9751452 463.794
-43.5940331 147.9751030 463.994
-43.5940180 147.9750670 463.794
-43.5940050 147.9750346 463.394
-43.5939900 147.9749969 463.194
-43.5939737 147.9749573 463.194
-43.5939581 147.9749187 463.194
-43.5939423 147.9748799 463.094
-43.5939260 147.9748387 463.294
-43.5939084 147.9747973 463.794
-43.5938927 147.9747587 463.694
-43.5938783 147.9747227 463.494
-43.5938627 147.9746840 463.594
-43.5938470 147.9746445 463.494
-43.5938314 147.9746058 463.494
-43.5938176 147.9745717 463.294
-43.5938014 147.9745321 463.294
-43.5937850 147.9744924 463.294
-43.5937700 147.9744556 463.194
-43.5937556 147.9744197 462.994
-43.5937406 147.9743820 463.094
-43.5937256 147.9743451 462.894
-43.5937099 147.9743073 462.794
-43.5936942 147.9742687 462.794
-43.5936766 147.9742254 463.294
-43.5936616 147.9741877 463.294
-43.5936447 147.9741464 463.394
-43.5936296 147.9741096 463.194
-43.5936159 147.9740754 463.094
-43.5936002 147.9740358 463.094
-43.5935832 147.9739945 463.294
-43.5935675 147.9739567 463.294
-43.5935525 147.9739190 463.194
-43.5935369 147.9738812 463.194
-43.5935212 147.9738425 463.194
-43.5935042 147.9738011 463.294
-43.5934912 147.9737679 462.994
-43.5934735 147.9737257 463.294
-43.5934572 147.9736853 463.494
-43.5934396 147.9736411 463.794
-43.5934252 147.9736061 463.694
-43.5934109 147.9735692 463.594
-43.5933939 147.9735279 463.794
-43.5933802 147.9734946 463.494
-43.5933626 147.9734524 463.694
-43.5933456 147.9734092 463.994
-43.5933324 147.9733769 463.694
-43.5933130 147.9733301 464.194
-43.5932973 147.9732896 464.394
-43.5932829 147.9732554 464.194
-43.5932679 147.9732177 464.194
-43.5932548 147.9731854 463.794
-43.5932397 147.9731485 463.694
-43.5932241 147.9731098 463.694
-43.5932104 147.9730756 463.394
-43.5931955 147.9730379 463.394
-43.5931778 147.9729957 463.594
-43.5931627 147.9729589 463.594
-43.5931432 147.9729111 464.294
-43.5931315 147.9728824 463.694
-43.5931202 147.9728527 463.094
-43.5931053 147.9728158 462.994
-43.5930903 147.9727800 462.794
-43.5930832 147.9727610 461.694
-43.5930681 147.9727242 461.694
-43.5930504 147.9726801 462.094
-43.5930230 147.9726145 463.794
-43.5930138 147.9725920 462.794
-43.5929982 147.9725533 462.894
-43.5929773 147.9725012 463.794
-43.5929682 147.9724779 462.894
-43.5929506 147.9724355 463.194
-43.5929336 147.9723924 463.394
-43.5929211 147.9723619 462.994
-43.5929081 147.9723305 462.694
-43.5928957 147.9722989 462.294
-43.5928853 147.9722728 461.694
-43.5928716 147.9722388 461.394
-43.5928585 147.9722064 461.094
-43.5928428 147.9721677 461.194
-43.5928323 147.9721416 460.594
-43.5928200 147.9721111 460.194
-43.5928056 147.9720751 460.094
-43.5927938 147.9720455 459.694
-43.5927782 147.9720067 459.694
-43.5927475 147.9719340 461.694
-43.5927318 147.9718944 461.894
-43.5927195 147.9718638 461.394
-43.5996325 147.9879103 539.921
-43.5996240 147.9878905 541.521
-43.5996155 147.9878699 543.221
-43.5996077 147.9878510 545.021
-43.5995992 147.9878312 546.821
-43.5995907 147.9878106 548.521
-43.5995822 147.9877890 550.121
-43.5995730 147.9877674 551.721
-43.5995633 147.9877449 553.521
-43.5995548 147.9877234 555.121
-43.5995522 147.9877180 558.021
-43.5995580 147.9877314 562.421
-43.5995854 147.9877962 570.521
-43.5995320 147.9876685 564.621
-43.5995156 147.9876307 565.221
-43.5994646 147.9875094 559.821
-43.5994464 147.9874662 559.921
-43.5994242 147.9874123 559.421
-43.5994006 147.9873566 558.621
-43.5993850 147.9873197 559.321
-43.5993674 147.9872783 559.621
-43.5993478 147.9872316 559.621
-43.5993302 147.9871893 559.921
-43.5993132 147.9871479 560.321
-43.5992943 147.9871038 560.621
-43.5992760 147.9870590 560.821
-43.5992577 147.9870167 561.121
-43.5992401 147.9869744 561.421
-43.5992218 147.9869303 561.621
-43.5992035 147.9868864 561.821
-43.5991859 147.9868450 562.321
-43.5991656 147.9867965 562.221
-43.5991454 147.9867479 561.921
-43.5991238 147.9866975 561.621
-43.5991049 147.9866534 561.921
-43.5990853 147.9866059 561.821
-43.5990670 147.9865628 561.921
-43.5990482 147.9865168 562.121
-43.5990285 147.9864710 562.321
-43.5990096 147.9864243 562.321
-43.5989867 147.9863703 561.621
-43.5989659 147.9863209 561.321
-43.5989332 147.9862998 562.561
-43.5989136 147.9862522 562.661
-43.5988947 147.9862081 562.561
-43.5988724 147.9861542 562.061
-43.5988496 147.9860994 561.461
-43.5984846 147.9852309 493.161
-43.5984624 147.9851770 491.861
-43.5984422 147.9851284 491.161
-43.5984226 147.9850807 490.761
-43.5984056 147.9850413 490.861
-43.5983860 147.9849954 490.361
-43.5983670 147.9849496 489.961
-43.5983469 147.9849009 489.261
-43.5983273 147.9848534 488.361
-43.5983077 147.9848074 487.861
-43.5982881 147.9847607 487.361
-43.5982698 147.9847168 487.061
-43.5982515 147.9846736 486.761
-43.5982332 147.9846294 486.361
-43.5982156 147.9845864 486.161
-43.5981979 147.9845458 485.961
-43.5981810 147.9845045 486.061
-43.5981608 147.9844559 485.261
-43.5981418 147.9844110 484.761
-43.5981236 147.9843670 484.561
-43.5981033 147.9843184 483.461
-43.5980844 147.9842735 483.061
-43.5980641 147.9842258 482.161
-43.5980439 147.9841773 481.361
-43.5980269 147.9841358 481.161
-43.5980099 147.9840954 480.961
-43.5979916 147.9840514 480.661
-43.5979760 147.9840136 480.961
-43.5979577 147.9839705 480.761
-43.5979414 147.9839310 480.861
-43.5979224 147.9838869 480.261
-43.5979041 147.9838419 479.661
-43.5978866 147.9837996 479.561
-43.5978689 147.9837583 479.461
-43.5978513 147.9837152 479.161
-43.5978330 147.9836720 478.661
-43.5978147 147.9836279 478.161
-43.5977958 147.9835839 477.761
-43.5977781 147.9835408 477.161
-43.5977599 147.9834976 476.761
-43.5977449 147.9834616 477.261
-43.5977298 147.9834247 477.961
-43.5977123 147.9833834 477.661
-43.5976894 147.9833294 475.761
-43.5976724 147.9832872 475.461
-43.5976542 147.9832441 475.161
-43.5976365 147.9832027 474.761
-43.5976182 147.9831586 474.161
-43.5976006 147.9831155 473.561
-43.5975836 147.9830759 473.561
-43.5975667 147.9830346 473.461
-43.5975497 147.9829932 473.361
-43.5975339 147.9829564 473.761
-43.5975150 147.9829123 473.061
-43.5974994 147.9828737 473.361
-43.5974837 147.9828359 473.661
-43.5974674 147.9827972 473.861
-43.5974504 147.9827568 473.661
-43.5974308 147.9827092 472.461
-43.5974145 147.9826714 472.661
-43.5973936 147.9826211 470.961
-43.5973772 147.9825823 471.061
-43.5973636 147.9825491 472.161
-43.5973492 147.9825141 473.161
-43.5973329 147.9824745 473.361
-43.5973120 147.9824250 471.661
-43.5972924 147.9823792 470.161
-43.5972767 147.9823397 470.261
-43.5972604 147.9823019 470.461
-43.5972447 147.9822641 471.061
-43.5972291 147.9822255 471.261
-43.5972121 147.9821860 471.261
-43.5971944 147.9821437 470.761
-43.5971769 147.9821014 470.261
-43.5971606 147.9820618 470.261
-43.5971429 147.9820204 469.961
-43.5971259 147.9819783 469.361
-43.5971083 147.9819369 468.861
-43.5970920 147.9818983 469.161
-43.5970770 147.9818614 469.961
-43.5970613 147.9818245 470.561
-43.5970450 147.9817840 470.561
-43.5970267 147.9817417 469.561
-43.5970097 147.9817013 469.261
-43.5969934 147.9816618 469.261
-43.5969770 147.9816223 469.361
-43.5969607 147.9815827 469.661
-43.5969437 147.9815422 469.361
-43.5969268 147.9815009 469.161
-43.5969098 147.9814613 469.061
-43.5968934 147.9814227 469.261
-43.5968771 147.9813831 469.361
-43.5968608 147.9813427 469.161
-43.5968432 147.9813004 468.261
-43.5968262 147.9812609 467.961
-43.5968099 147.9812213 468.061
-43.5967943 147.9811835 468.561
-43.5967779 147.9811440 468.761
-43.5967610 147.9811044 468.761
-43.5967446 147.9810648 468.861
-43.5967283 147.9810253 468.961
-43.5967119 147.9809866 469.261
-43.5966950 147.9809453 468.561
-43.5966774 147.9809030 467.561
-43.5966610 147.9808644 468.261
-43.5966454 147.9808266 468.661
-43.5966284 147.9807852 467.961
-43.5966081 147.9807376 462.961
-43.5965926 147.9806999 463.461
-43.5965781 147.9806657 467.561
-43.5965618 147.9806261 467.461
-43.5965455 147.9805866 467.561
-43.5965285 147.9805470 467.561
-43.5965128 147.9805075 467.661
-43.5964959 147.9804679 467.761
-43.5964796 147.9804275 467.561
-43.5964633 147.9803888 467.461
-43.5964469 147.9803492 467.561
-43.5964299 147.9803097 467.761
-43.5964136 147.9802701 467.661
-43.5963966 147.9802296 467.061
-43.5963803 147.9801901 466.761
-43.5963640 147.9801506 466.861
-43.5963476 147.9801110 466.861
-43.5963314 147.9800714 466.661
-43.5963143 147.9800319 466.561
-43.5962866 147.9800019 467.141
-43.5962703 147.9799624 466.841
-43.5962540 147.9799228 465.941
-43.5962376 147.9798833 466.241
-43.5962207 147.9798436 467.241
-43.5962043 147.9798041 466.841
-43.5961880 147.9797646 466.841
-43.5961717 147.9797250 466.741
-43.5961554 147.9796855 466.641
-43.5961385 147.9796450 467.341
-43.5961228 147.9796072 466.541
-43.5961064 147.9795677 466.241
-43.5960894 147.9795281 466.241
-43.5960731 147.9794886 466.341
-43.5960567 147.9794490 466.441
-43.5960404 147.9794095 466.541
-43.5960241 147.9793708 466.341
-43.5960071 147.9793303 466.341
-43.5959909 147.9792907 466.541
-43.5959745 147.9792521 466.241
-43.5959589 147.9792134 465.741
-43.5959426 147.9791749 465.841
-43.5959255 147.9791335 466.341
-43.5959093 147.9790939 466.541
-43.5958923 147.9790535 466.741
-43.5958753 147.9790138 466.941
-43.5958603 147.9789771 465.541
-43.5958446 147.9789383 465.341
-43.5958263 147.9788952 466.741
-43.5958100 147.9788557 466.641
-43.5957937 147.9788170 466.741
-43.5957767 147.9787756 466.941
-43.5957610 147.9787379 466.441
-43.5957447 147.9787002 466.041
-43.5957291 147.9786615 465.741
-43.5957134 147.9786228 465.541
-43.5956970 147.9785842 465.241
-43.5956814 147.9785465 464.841
-43.5956651 147.9785078 464.841
-43.5956481 147.9784664 465.341
-43.5956317 147.9784278 465.241
-43.5956142 147.9783855 466.041
-43.5955972 147.9783441 466.241
-43.5955808 147.9783055 466.141
-43.5955645 147.9782659 466.041
-43.5955475 147.9782264 466.141
-43.5955325 147.9781896 465.641
-43.5955142 147.9781455 466.541
-43.5954972 147.9781041 467.041
-43.5954816 147.9780663 466.541
-43.5954666 147.9780304 465.941
-43.5954510 147.9779935 465.341
-43.5954346 147.9779548 465.241
-43.5954177 147.9779127 465.741
-43.5954000 147.9778712 466.341
-43.5953836 147.9778326 466.341
-43.5953687 147.9777957 465.941
-43.5953530 147.9777571 465.741
-43.5953353 147.9777166 465.841
-43.5953177 147.9776735 466.341
-43.5953027 147.9776375 465.741
-43.5952864 147.9775988 465.841
-43.5952694 147.9775567 466.241
-43.5952518 147.9775153 466.641
-43.5952368 147.9774784 466.341
-43.5952225 147.9774451 465.341
-43.5952080 147.9774093 464.641
-43.5951911 147.9773696 464.841
-43.5951747 147.9773291 464.641
-43.5951577 147.9772887 464.941
-43.5951408 147.9772482 465.141
-43.5951244 147.9772096 465.241
-43.5951081 147.9771701 465.141
-43.5950925 147.9771331 464.841
-43.5950762 147.9770928 465.041
-43.5950598 147.9770541 464.941
-43.5950428 147.9770128 465.141
-43.5950253 147.9769714 465.641
-43.5950109 147.9769363 465.041
-43.5949964 147.9769021 464.241
-43.5949815 147.9768662 463.941
-43.5949639 147.9768240 464.141
-43.5949462 147.9767807 464.741
-43.5949286 147.9767394 465.041
-43.5949130 147.9767007 465.041
-43.5948973 147.9766630 464.641
-43.5948829 147.9766279 464.141
-43.5948660 147.9765884 464.341
-43.5948496 147.9765497 464.441
-43.5948333 147.9765102 464.441
-43.5948169 147.9764697 464.641
-43.5948007 147.9764320 464.441
-43.5947844 147.9763915 464.541
-43.5947713 147.9763600 463.641
-43.5947517 147.9763142 464.441
-43.5947340 147.9762709 464.841
-43.5947177 147.9762324 464.841
-43.5947020 147.9761946 464.741
-43.5946857 147.9761551 464.741
-43.5946707 147.9761191 464.441
-43.5946544 147.9760795 464.641
-43.5946374 147.9760399 464.541
-43.5946223 147.9760022 464.441
-43.5946060 147.9759644 464.241
-43.5945924 147.9759303 463.741
-43.5945799 147.9759006 462.641
-43.5945585 147.9758494 464.241
-43.5945421 147.9758108 464.141
-43.5945257 147.9757712 464.141
-43.5945087 147.9757297 464.341
-43.5944866 147.9756777 465.841
-43.5944754 147.9756507 464.441
-43.5944631 147.9756201 463.641
-43.5944474 147.9755833 463.541
-43.5944317 147.9755455 463.341
-43.5944173 147.9755113 462.841
-43.5944023 147.9754745 462.641
-43.5943847 147.9754322 463.041
-43.5943684 147.9753935 463.141
-43.5943508 147.9753513 463.541
-43.5943345 147.9753117 463.641
-43.5943182 147.9752722 463.541
-43.5943031 147.9752362 463.341
-43.5942881 147.9752012 462.841
-43.5942724 147.9751616 462.941
-43.5942489 147.9751405 462.011
-43.5942326 147.9751010 462.011
-43.5942170 147.9750632 462.111
-43.5942000 147.9750228 462.311
-43.5941849 147.9749868 461.911
-43.5941680 147.9749463 462.111
-43.5941522 147.9749094 462.211
-43.5941347 147.9748681 462.411
-43.5941170 147.9748258 462.511
-43.5941007 147.9747854 462.711
-43.5940838 147.9747449 462.911
-43.5940680 147.9747080 462.811
-43.5940537 147.9746739 462.411
-43.5940394 147.9746388 462.011
-43.5940249 147.9746056 461.711
-43.5940100 147.9745688 461.611
-43.5939963 147.9745364 461.011
-43.5939813 147.9745012 460.711
-43.5939649 147.9744617 461.011
-43.5939467 147.9744177 461.511
-43.5939284 147.9743745 461.611
-43.5939114 147.9743331 462.011
-43.5938950 147.9742945 462.011
-43.5938788 147.9742559 462.011
-43.5938631 147.9742181 462.011
-43.5938460 147.9741777 462.111
-43.5938285 147.9741354 462.411
-43.5938134 147.9741003 462.211
-43.5937978 147.9740626 462.211
-43.5937795 147.9740185 462.611
-43.5937612 147.9739754 462.911
-43.5937456 147.9739386 462.911
-43.5937278 147.9738962 463.211
-43.5937103 147.9738531 463.411
-43.5936940 147.9738144 463.611
-43.5936763 147.9737722 463.711
-43.5936620 147.9737389 463.411
-43.5936483 147.9737057 463.111
-43.5936345 147.9736724 462.711
-43.5936202 147.9736382 462.411
-43.5936052 147.9736022 462.311
-43.5935856 147.9735555 462.911
-43.5935667 147.9735106 463.211
-43.5935484 147.9734673 463.611
-43.5935340 147.9734333 463.411
-43.5935177 147.9733937 463.511
-43.5935026 147.9733578 463.311
-43.5934870 147.9733199 463.311
-43.5934700 147.9732795 463.411
-43.5934544 147.9732427 463.411
-43.5934347 147.9731959 464.011
-43.5934191 147.9731581 463.911
-43.5934060 147.9731267 463.511
-43.5933897 147.9730890 463.511
-43.5933760 147.9730548 463.211
-43.5933616 147.9730206 462.911
-43.5933460 147.9729838 462.811
-43.5933316 147.9729495 462.511
-43.5933159 147.9729118 462.611
-43.5933002 147.9728750 462.411
-43.5932872 147.9728435 462.111
-43.5932696 147.9728012 462.411
-43.5932506 147.9727563 462.911
-43.5932363 147.9727221 462.711
-43.5932199 147.9726834 462.611
-43.5932030 147.9726421 462.811
-43.5931906 147.9726125 462.211
-43.5931775 147.9725819 461.911
-43.5931644 147.9725504 461.411
-43.5931527 147.9725216 461.011
-43.5931383 147.9724884 460.611
-43.5931246 147.9724551 460.411
-43.5931109 147.9724219 460.111
-43.5930959 147.9723859 460.011
-43.5930711 147.9723283 461.211
-43.5930496 147.9722753 462.111
-43.5930332 147.9722375 462.011
-43.5930215 147.9722087 461.611
-43.5930078 147.9721755 461.311
-43.5929927 147.9721405 461.311
-43.5929790 147.9721071 461.011
-43.5929680 147.9720802 460.311
-43.5929523 147.9720434 460.311
-43.5929327 147.9719966 460.911
-43.5929118 147.9719473 461.611
-43.5928916 147.9718986 462.111
-43.5928850 147.9718834 460.911
-43.5928667 147.9718402 461.211
-43.5928498 147.9717989 461.311
-43.5928360 147.9717664 461.111
-43.5928217 147.9717332 460.911
-43.5997532 147.9879154 528.799
-43.5997447 147.9878948 530.399
-43.5997362 147.9878740 531.899
-43.5997283 147.9878551 533.499
-43.5997206 147.9878381 535.199
-43.5997134 147.9878201 536.899
-43.5997049 147.9877993 538.599
-43.5996970 147.9877805 540.199
-43.5996879 147.9877599 541.899
-43.5996794 147.9877400 543.499
-43.5996709 147.9877195 545.199
-43.5996618 147.9876969 546.699
-43.5996519 147.9876736 548.199
-43.5996422 147.9876501 549.699
-43.5996324 147.9876277 551.399
-43.5996232 147.9876052 552.899
-43.5996173 147.9875917 555.299
-43.5996409 147.9876474 562.899
-43.5996161 147.9875890 561.799
-43.5995920 147.9875306 560.899
-43.5995685 147.9874749 560.199
-43.5995462 147.9874209 559.699
-43.5995273 147.9873769 559.899
-43.5995057 147.9873257 559.499
-43.5994874 147.9872816 559.399
-43.5994685 147.9872366 559.499
-43.5994509 147.9871952 559.899
-43.5994314 147.9871476 559.999
-43.5994137 147.9871053 560.199
-43.5993961 147.9870649 560.499
-43.5993778 147.9870199 560.699
-43.5993608 147.9869795 561.199
-43.5993425 147.9869363 561.599
-43.5993229 147.9868905 561.499
-43.5993020 147.9868401 561.099
-43.5992824 147.9867934 560.999
-43.5992635 147.9867476 561.099
-43.5992459 147.9867053 561.499
-43.5992269 147.9866604 561.499
-43.5992086 147.9866163 561.899
-43.5991911 147.9865749 562.399
-43.5991675 147.9865192 561.499
-43.5991505 147.9864787 561.899
-43.5991284 147.9864247 561.299
-43.5991068 147.9863735 561.099
-43.5990840 147.9863197 560.299
-43.5990676 147.9862810 560.999
-43.5990448 147.9862252 560.099
-43.5990175 147.9862112 561.979
-43.5989979 147.9861635 561.879
-43.5989848 147.9861330 563.179
-43.5986950 147.9854363 508.079
-43.5985840 147.9851710 487.279
-43.5985918 147.9851899 492.779
-43.5985821 147.9851666 494.479
-43.5985585 147.9851099 493.079
-43.5985376 147.9850595 492.179
-43.5985174 147.9850110 491.479
-43.5984991 147.9849669 491.079
-43.5984796 147.9849211 490.679
-43.5984606 147.9848753 490.279
-43.5984416 147.9848294 489.679
-43.5984227 147.9847836 489.379
-43.5984031 147.9847377 488.679
-43.5983842 147.9846910 488.079
-43.5983653 147.9846460 487.679
-43.5983463 147.9846002 487.179
-43.5983274 147.9845561 486.679
-43.5983175 147.9845309 488.279
-43.5983137 147.9845228 491.879
-43.5983013 147.9844932 493.079
-43.5982804 147.9844428 492.079
-43.5982379 147.9843403 485.279
-43.5982131 147.9842810 483.379
-43.5981935 147.9842334 482.479
-43.5981766 147.9841938 482.479
-43.5981589 147.9841515 482.279
-43.5981400 147.9841048 481.779
-43.5981204 147.9840589 480.979
-43.5981015 147.9840122 480.279
-43.5980832 147.9839681 479.779
-43.5980656 147.9839268 479.779
-43.5980473 147.9838828 479.379
-43.5980349 147.9838531 480.579
-43.5980160 147.9838072 479.779
-43.5979990 147.9837659 479.679
-43.5979826 147.9837281 479.979
-43.5979657 147.9836876 479.879
-43.5979467 147.9836419 479.279
-43.5979284 147.9835978 478.779
-43.5979108 147.9835555 478.379
-43.5978932 147.9835132 478.379
-43.5978743 147.9834665 477.379
-43.5978508 147.9834099 475.079
-43.5978377 147.9833802 476.379
-43.5978240 147.9833469 477.479
-43.5978077 147.9833073 477.479
-43.5977862 147.9832552 475.679
-43.5977691 147.9832148 475.579
-43.5977509 147.9831707 475.179
-43.5977326 147.9831267 474.679
-43.5977149 147.9830843 474.279
-43.5976980 147.9830440 474.079
-43.5976823 147.9830053 474.179
-43.5976666 147.9829675 474.679
-43.5976503 147.9829290 474.779
-43.5976320 147.9828848 474.179
-43.5976157 147.9828453 474.179
-43.5975987 147.9828049 474.179
-43.5975805 147.9827609 473.379
-43.5975621 147.9827167 472.879
-43.5975459 147.9826781 473.079
-43.5975289 147.9826377 472.979
-43.5975119 147.9825954 472.579
-43.5974949 147.9825540 472.279
-43.5974780 147.9825144 472.279
-43.5974623 147.9824767 472.479
-43.5974454 147.9824354 472.279
-43.5974257 147.9823885 470.979
-43.5974049 147.9823382 469.079
-43.5973912 147.9823050 470.279
-43.5973767 147.9822707 471.379
-43.5973618 147.9822348 472.179
-43.5973428 147.9821890 470.979
-43.5973252 147.9821459 470.279
-43.5973095 147.9821089 470.779
-43.5972938 147.9820703 471.079
-43.5972756 147.9820272 470.179
-43.5972573 147.9819831 469.179
-43.5972410 147.9819445 469.379
-43.5972259 147.9819067 469.879
-43.5972109 147.9818698 470.579
-43.5971940 147.9818312 470.679
-43.5971764 147.9817881 470.179
-43.5971600 147.9817486 469.879
-43.5971430 147.9817081 469.879
-43.5971267 147.9816685 469.979
-43.5971097 147.9816271 469.579
-43.5970928 147.9815858 469.279
-43.5970758 147.9815453 468.979
-43.5970588 147.9815049 468.779
-43.5970438 147.9814680 469.579
-43.5970287 147.9814320 470.879
-43.5970105 147.9813880 469.379
-43.5969915 147.9813421 467.379
-43.5969759 147.9813034 467.579
-43.5969603 147.9812666 468.379
-43.5969439 147.9812280 468.679
-43.5969270 147.9811867 468.079
-43.5969100 147.9811452 467.779
-43.5968943 147.9811074 468.179
-43.5968780 147.9810679 468.479
-43.5968610 147.9810274 468.179
-43.5968447 147.9809879 468.179
-43.5968290 147.9809492 468.579
-43.5968127 147.9809105 469.079
-43.5967970 147.9808719 469.179
-43.5967794 147.9808297 468.179
-43.5967625 147.9807883 467.479
-43.5967461 147.9807488 467.379
-43.5967291 147.9807093 467.579
-43.5967128 147.9806697 467.679
-43.5966965 147.9806301 467.679
-43.5966801 147.9805888 467.379
-43.5966638 147.9805500 467.179
-43.5966475 147.9805105 467.579
-43.5966311 147.9804718 468.279
-43.5966155 147.9804332 469.479
-43.5965985 147.9803928 468.879
-43.5965816 147.9803514 467.379
-43.5965652 147.9803127 466.879
-43.5965489 147.9802723 466.779
-43.5965326 147.9802337 467.379
-43.5965163 147.9801941 467.879
-43.5964999 147.9801536 467.879
-43.5964836 147.9801140 467.779
-43.5964673 147.9800744 466.779
-43.5964510 147.9800349 466.279
-43.5964347 147.9799954 466.179
-43.5964183 147.9799558 465.979
-43.5963807 147.9799322 466.289
-43.5963644 147.9798927 466.189
-43.5963480 147.9798532 466.089
-43.5963317 147.9798136 466.289
-43.5963154 147.9797749 467.089
-43.5962991 147.9797345 467.189
-43.5962828 147.9796950 466.989
-43.5962664 147.9796554 466.789
-43.5962502 147.9796158 466.589
-43.5962338 147.9795763 466.289
-43.5962175 147.9795376 466.589
-43.5962011 147.9794981 466.689
-43.5961849 147.9794586 466.089
-43.5961692 147.9794199 465.789
-43.5961515 147.9793786 466.989
-43.5961359 147.9793389 466.689
-43.5961195 147.9793002 466.289
-43.5961032 147.9792607 465.889
-43.5960876 147.9792220 465.489
-43.5960706 147.9791816 466.189
-43.5960543 147.9791411 466.489
-43.5960386 147.9791034 466.189
-43.5960223 147.9790638 465.789
-43.5960066 147.9790252 465.089
-43.5959903 147.9789865 465.089
-43.5959726 147.9789452 466.189
-43.5959570 147.9789065 465.589
-43.5959407 147.9788670 465.689
-43.5959244 147.9788274 465.789
-43.5959074 147.9787860 466.189
-43.5958910 147.9787464 466.389
-43.5958747 147.9787060 466.589
-43.5958584 147.9786674 466.389
-43.5958427 147.9786287 465.989
-43.5958264 147.9785892 465.989
-43.5958101 147.9785505 465.889
-43.5957938 147.9785109 465.789
-43.5957767 147.9784696 466.489
-43.5957598 147.9784282 466.889
-43.5957448 147.9783913 466.289
-43.5957285 147.9783527 466.189
-43.5957121 147.9783122 466.189
-43.5956965 147.9782745 465.889
-43.5956802 147.9782359 465.589
-43.5956644 147.9781971 465.389
-43.5956487 147.9781594 464.889
-43.5956325 147.9781189 465.389
-43.5956122 147.9780714 467.189
-43.5955979 147.9780354 466.289
-43.5955829 147.9779994 465.589
-43.5955653 147.9779580 466.289
-43.5955469 147.9779131 467.189
-43.5955306 147.9778735 467.289
-43.5955150 147.9778358 466.889
-43.5954993 147.9777971 466.489
-43.5954837 147.9777584 466.389
-43.5954680 147.9777207 466.089
-43.5954523 147.9776839 465.789
-43.5954359 147.9776442 465.789
-43.5954190 147.9776029 466.089
-43.5954027 147.9775625 466.389
-43.5953870 147.9775247 466.189
-43.5953707 147.9774860 465.989
-43.5953550 147.9774474 465.789
-43.5953387 147.9774087 465.789
-43.5953224 147.9773683 465.989
-43.5953067 147.9773296 465.889
-43.5952898 147.9772892 465.989
-43.5952754 147.9772541 465.189
-43.5952564 147.9772092 466.089
-43.5952394 147.9771678 466.489
-43.5952232 147.9771282 466.689
-43.5952054 147.9770851 467.289
-43.5951911 147.9770509 466.389
-43.5951781 147.9770185 465.389
-43.5951637 147.9769844 464.489
-43.5951480 147.9769448 464.389
-43.5951297 147.9769008 465.189
-43.5951128 147.9768603 465.489
-43.5950945 147.9768153 466.189
-43.5950782 147.9767776 466.089
-43.5950644 147.9767426 465.289
-43.5950501 147.9767084 464.689
-43.5950344 147.9766706 464.489
-43.5950175 147.9766302 464.889
-43.5950004 147.9765880 465.189
-43.5949855 147.9765519 464.789
-43.5949658 147.9765043 465.889
-43.5949489 147.9764638 466.189
-43.5949346 147.9764288 465.589
-43.5949221 147.9763991 464.389
-43.5949052 147.9763578 464.589
-43.5948875 147.9763137 465.089
-43.5948719 147.9762769 464.889
-43.5948516 147.9762283 466.189
-43.5948359 147.9761897 466.089
-43.5948242 147.9761610 464.789
-43.5948105 147.9761276 464.189
-43.5947935 147.9760872 464.289
-43.5947759 147.9760449 464.689
-43.5947596 147.9760054 464.789
-43.5947439 147.9759658 464.789
-43.5947211 147.9759110 466.589
-43.5947080 147.9758785 465.789
-43.5946956 147.9758489 464.789
-43.5946838 147.9758202 463.589
-43.5946650 147.9757752 464.389
-43.5946492 147.9757365 464.289
-43.5946329 147.9756979 464.289
-43.5946172 147.9756601 464.189
-43.5946015 147.9756216 463.989
-43.5945860 147.9755838 463.989
-43.5945689 147.9755433 464.289
-43.5945539 147.9755055 464.189
-43.5945376 147.9754669 464.089
-43.5945219 147.9754281 464.089
-43.5945056 147.9753886 464.089
-43.5944886 147.9753481 464.289
-43.5944742 147.9753132 463.989
-43.5944580 147.9752745 463.889
-43.5944443 147.9752403 463.589
-43.5944285 147.9752017 463.489
-43.5944142 147.9751674 463.189
-43.5943979 147.9751279 463.089
-43.5943822 147.9750893 463.089
-43.5943376 147.9750646 463.709
-43.5943219 147.9750269 463.609
-43.5943069 147.9749901 463.509
-43.5942912 147.9749532 463.509
-43.5942762 147.9749163 463.209
-43.5942605 147.9748786 463.009
-43.5942462 147.9748434 462.809
-43.5942306 147.9748067 462.509
-43.5942142 147.9747680 462.709
-43.5941980 147.9747275 462.909
-43.5941803 147.9746862 463.209
-43.5941639 147.9746466 463.209
-43.5941476 147.9746070 463.209
-43.5941306 147.9745675 463.409
-43.5941163 147.9745316 463.209
-43.5941000 147.9744928 463.309
-43.5940843 147.9744551 463.209
-43.5940680 147.9744156 463.209
-43.5940529 147.9743796 463.109
-43.5940353 147.9743373 463.409
-43.5940170 147.9742933 463.809
-43.5940014 147.9742555 463.709
-43.5939883 147.9742240 463.309
-43.5939732 147.9741890 463.109
-43.5939570 147.9741494 463.209
-43.5939406 147.9741099 463.209
-43.5939257 147.9740749 462.809
-43.5939106 147.9740371 462.809
-43.5938943 147.9739983 463.009
-43.5938766 147.9739561 463.209
-43.5938610 147.9739193 463.109
-43.5938459 147.9738833 463.109
-43.5938297 147.9738429 463.209
-43.5938126 147.9738025 463.309
-43.5937964 147.9737638 463.409
-43.5937807 147.9737260 463.109
-43.5937657 147.9736891 463.209
-43.5937461 147.9736424 463.909
-43.5937304 147.9736046 463.809
-43.5937180 147.9735741 463.309
-43.5937017 147.9735363 463.209
-43.5936867 147.9735003 463.109
-43.5936684 147.9734563 463.309
-43.5936514 147.9734149 463.709
-43.5936370 147.9733808 463.509
-43.5936201 147.9733403 463.709
-43.5936031 147.9732990 463.909
-43.5935874 147.9732613 463.709
-43.5935711 147.9732217 463.709
-43.5935568 147.9731875 463.809
-43.5935417 147.9731506 463.509
-43.5935254 147.9731129 463.609
-43.5935110 147.9730778 463.509
-43.5934934 147.9730364 463.709
-43.5934745 147.9729897 464.209
-43.5934601 147.9729565 463.809
-43.5934451 147.9729188 463.909
-43.5934255 147.9728738 464.309
-43.5934131 147.9728423 464.009
-43.5933967 147.9728036 463.809
-43.5933850 147.9727757 463.309
-43.5933687 147.9727362 463.409
-43.5933530 147.9726984 463.509
-43.5933386 147.9726643 463.309
-43.5933237 147.9726283 463.209
-43.5933048 147.9725833 463.509
-43.5932917 147.9725510 463.109
-43.5932754 147.9725114 463.409
-43.5932609 147.9724772 463.109
-43.5932453 147.9724395 463.209
-43.5932277 147.9723963 463.409
-43.5932114 147.9723586 463.509
-43.5931964 147.9723227 463.309
-43.5931800 147.9722831 463.409
-43.5931650 147.9722462 463.209
-43.5931480 147.9722066 463.509
-43.5931330 147.9721698 463.409
-43.5931134 147.9721231 464.009
-43.5931004 147.9720915 463.509
-43.5930912 147.9720700 462.709
-43.5930769 147.9720341 462.609
-43.5930632 147.9720026 462.309
-43.5930507 147.9719729 461.909
-43.5930390 147.9719432 461.509
-43.5930233 147.9719055 461.409
-43.5930161 147.9718893 460.209
-43.5929894 147.9718254 461.809
-43.5929548 147.9717418 464.409
-43.5929267 147.9716745 465.909
-43.5929260 147.9716735 464.009
-43.5929104 147.9716357 463.909
