-47.0945857 141.0102780 4334.363
-47.0945857 141.0106556 4335.363
-47.0945796 141.0110872 4332.363
-47.0946041 141.0107007 4372.363
-47.0946225 141.0104939 4403.363
-47.0945735 141.0140542 4362.363
-47.0945673 141.0144050 4364.363
-47.0945734 141.0146568 4372.363
-47.0945735 141.0149534 4377.363
-47.0945857 141.0149804 4397.363
-47.0945489 141.0162212 4352.363
-47.0945673 141.0160863 4380.363
-47.0945550 141.0166527 4371.363
-47.0945612 141.0168146 4383.363
-47.0945672 141.0170843 4390.363
-47.0945673 141.0173180 4399.363
-47.0945734 141.0175429 4409.363
-47.0945796 141.0176957 4422.363
-47.0945734 141.0181813 4417.363
-47.0945427 141.0191972 4382.363
-47.0945550 141.0193141 4397.363
-47.0945427 141.0198715 4388.363
-47.0945428 141.0201863 4393.363
-47.0945428 141.0205728 4393.363
-47.0945366 141.0210674 4388.363
-47.0945366 141.0213642 4393.363
-47.0945366 141.0217417 4394.363
-47.0945366 141.0220923 4397.363
-47.0945305 141.0224970 4396.363
-47.0945244 141.0230814 4384.363
-47.0945182 141.0234590 4386.363
-47.0945244 141.0237018 4395.363
-47.0945305 141.0239085 4405.363
-47.0945305 141.0241962 4413.363
-47.0945366 141.0244390 4422.363
-47.0945366 141.0247448 4427.363
-47.0945305 141.0251853 4424.363
-47.0945243 141.0257248 4416.363
-47.0945243 141.0260664 4418.363
-47.0945182 141.0264800 4416.363
-47.0945183 141.0268936 4415.363
-47.0945428 141.0266778 4454.363
-47.0945550 141.0267408 4477.363
-47.0945427 141.0273341 4464.363
-47.0945305 141.0279546 4449.363
-47.0945366 141.0282693 4455.363
-47.0945366 141.0285120 4464.363
-47.0945427 141.0287727 4474.363
-47.0945489 141.0289346 4489.363
-47.0945551 141.0292852 4493.363
-47.0945550 141.0296088 4497.363
-47.0945488 141.0301214 4490.363
-47.0945428 141.0305620 4486.363
-47.0945366 141.0310295 4481.363
-47.0945366 141.0314791 4479.363
-47.0945366 141.0317847 4484.363
-47.0945366 141.0321354 4487.363
-47.0945366 141.0325580 4485.363
-47.0945427 141.0328098 4496.363
-47.0945305 141.0333492 4484.363
-47.0945243 141.0338527 4477.363
-47.0945244 141.0342213 4480.363
-47.0945244 141.0346259 4479.363
-47.0945244 141.0350125 4479.363
-47.0945305 141.0352553 4490.363
-47.0945182 141.0357768 4482.363
-47.0945243 141.0361185 4485.363
-47.0945244 141.0363882 4495.363
-47.0945305 141.0366669 4503.363
-47.0945366 141.0369996 4509.363
-47.0945183 141.0377098 4484.363
-47.0945243 141.0379257 4497.363
-47.0945427 141.0379976 4524.363
-47.0945366 141.0384111 4523.363
-47.0945366 141.0388517 4519.363
-47.0945550 141.0388427 4552.363
-47.0945428 141.0395350 4528.363
-47.0945612 141.0394811 4565.363
-47.0945612 141.0399216 4561.363
-47.0945366 141.0407039 4528.363
-47.0945366 141.0411805 4523.363
-47.0945305 141.0416390 4516.363
-47.0945366 141.0419357 4525.363
-47.0945427 141.0421874 4536.363
-47.0945366 141.0426280 4533.363
-47.0945366 141.0430775 4529.363
-47.0945428 141.0433293 4540.363
-47.0945182 141.0441565 4502.363
-47.0945183 141.0444891 4508.363
-47.0945244 141.0448578 4510.363
-47.0945182 141.0452894 4506.363
-47.0945243 141.0456311 4511.363
-47.0945243 141.0459548 4517.363
-47.0945244 141.0463324 4519.363
-47.0945305 141.0466739 4523.363
-47.0945305 141.0470696 4522.363
-47.0945305 141.0474293 4526.363
-47.0945305 141.0478518 4523.363
-47.0945305 141.0482564 4520.363
-47.0941953 141.0487690 4515.403
-47.0942014 141.0489757 4533.403
-47.0942075 141.0493445 4536.403
-47.0942075 141.0497760 4532.403
-47.0942136 141.0501266 4536.403
-47.0942076 141.0506211 4525.403
-47.0942014 141.0510797 4518.403
-47.0942014 141.0515382 4509.403
-47.0942013 141.0519608 4506.403
-47.0942013 141.0523924 4502.403
-47.0942075 141.0526712 4512.403
-47.0941953 141.0532645 4489.403
-47.0941891 141.0538400 4469.403
-47.0941891 141.0542445 4468.403
-47.0941891 141.0546402 4463.403
-47.0941891 141.0550268 4464.403
-47.0941952 141.0553415 4474.403
-47.0942014 141.0557282 4474.403
-47.0942137 141.0559529 4493.403
-47.0942014 141.0565103 4470.403
-47.0942137 141.0567351 4488.403
-47.0942259 141.0570229 4502.403
-47.0942198 141.0574903 4493.403
-47.0942259 141.0578231 4499.403
-47.0942198 141.0583266 4484.403
-47.0942137 141.0588660 4462.403
-47.0942198 141.0591987 4470.403
-47.0942137 141.0596482 4461.403
-47.0942198 141.0599989 4463.403
-47.0942321 141.0602506 4482.403
-47.0942321 141.0607092 4473.403
-47.0942381 141.0610688 4476.403
-47.0942443 141.0614015 4483.403
-47.0942566 141.0616802 4500.403
-47.0942811 141.0618331 4534.403
-47.0942627 141.0624264 4503.403
-47.0942444 141.0630109 4469.403
-47.0942566 141.0633525 4476.403
-47.0942566 141.0637393 4476.403
-47.0942689 141.0640718 4485.403
-47.0942689 141.0644675 4482.403
-47.0942750 141.0648091 4489.403
-47.0942934 141.0650520 4512.403
-47.0943119 141.0652857 4539.403
-47.0942934 141.0659061 4499.403
-47.0942934 141.0663016 4497.403
-47.0942935 141.0667422 4486.403
-47.0942934 141.0671558 4479.403
-47.0942934 141.0675874 4473.403
-47.0942934 141.0679650 4473.403
-47.0943057 141.0682977 4480.403
-47.0943118 141.0686213 4491.403
-47.0943118 141.0690889 4477.403
-47.0943119 141.0694665 4474.403
-47.0943241 141.0698351 4481.403
-47.0943241 141.0702397 4474.403
-47.0943363 141.0705454 4490.403
-47.0937434 141.0709503 4491.443
-47.0937496 141.0713189 4497.443
-47.0937619 141.0716335 4511.443
-47.0937619 141.0721011 4493.443
-47.0937680 141.0724608 4498.443
-47.0937803 141.0727664 4515.443
-47.0937803 141.0732340 4494.443
-47.0937864 141.0735847 4503.443
-47.0937925 141.0739712 4504.443
-47.0937864 141.0744568 4475.443
-47.0937925 141.0748703 4467.443
-47.0937987 141.0752300 4472.443
-47.0938048 141.0755986 4473.443
-47.0938110 141.0760122 4468.443
-47.0938110 141.0764078 4460.443
-47.0938171 141.0768214 4455.443
-47.0938233 141.0771720 4460.443
-47.0938355 141.0775047 4475.443
-47.0938478 141.0778375 4488.443
-47.0938662 141.0781791 4502.443
-47.0938662 141.0785926 4488.443
-47.0938723 141.0789703 4489.443
-47.0938784 141.0793389 4496.443
-47.0938907 141.0797075 4502.443
-47.0939030 141.0800762 4508.443
-47.0939030 141.0804628 4502.443
-47.0939030 141.0808673 4491.443
-47.0939213 141.0812181 4503.443
-47.0939275 141.0816136 4501.443
-47.0939275 141.0820183 4497.443
-47.0939459 141.0823509 4516.443
-47.0939705 141.0826567 4554.443
-47.0939705 141.0830882 4529.443
-47.0939766 141.0834658 4533.443
-47.0939888 141.0838435 4539.443
-47.0939950 141.0842211 4544.443
-47.0939889 141.0846527 4516.443
-47.0939950 141.0850482 4504.443
-47.0940011 141.0854349 4503.443
-47.0940134 141.0858125 4509.443
-47.0940256 141.0861811 4518.443
-47.0940441 141.0865407 4539.443
-47.0940564 141.0869184 4547.443
-47.0940564 141.0873140 4534.443
-47.0940625 141.0877007 4533.443
-47.0940686 141.0880693 4532.443
-47.0940809 141.0884649 4535.443
-47.0940932 141.0888514 4541.443
-47.0940993 141.0892292 4543.443
-47.0941115 141.0896157 4542.443
-47.0941177 141.0900024 4542.443
-47.0941238 141.0903889 4540.443
-47.0941300 141.0907756 4535.443
-47.0941300 141.0911712 4514.443
-47.0934908 141.0915577 4547.423
-47.0935031 141.0919354 4549.423
-47.0935093 141.0923219 4553.423
-47.0935153 141.0927086 4536.423
-47.0935277 141.0930952 4543.423
-47.0935399 141.0934818 4549.423
-47.0935461 141.0938684 4550.423
-47.0935460 141.0942371 4536.423
-47.0935583 141.0946327 4537.423
-47.0935767 141.0950193 4557.423
-47.0935889 141.0954329 4571.423
-47.0935951 141.0958105 4567.423
-47.0936012 141.0961881 4560.423
-47.0936074 141.0965658 4555.423
-47.0936197 141.0969614 4556.423
-47.0936319 141.0973479 4566.423
-47.0936442 141.0977436 4568.423
-47.0936687 141.0981932 4606.423
-47.0936565 141.0985078 4563.423
-47.0936688 141.0988945 4560.423
-47.0936810 141.0992810 4568.423
-47.0936871 141.0996767 4562.423
-47.0936932 141.1000542 4563.423
-47.0937178 141.1004949 4587.423
-47.0937240 141.1008904 4588.423
-47.0937363 141.1012681 4587.423
-47.0937362 141.1016187 4567.423
-47.0937546 141.1020503 4591.423
-47.0937731 141.1024909 4608.423
-47.0937669 141.1027966 4575.423
-47.0937792 141.1031742 4575.423
-47.0937915 141.1035877 4579.423
-47.0938037 141.1040014 4588.423
-47.0938099 141.1043700 4581.423
-47.0938160 141.1047297 4570.423
-47.0938221 141.1051073 4574.423
-47.0938466 141.1055749 4597.423
-47.0938466 141.1059075 4577.423
-47.0938589 141.1063031 4583.423
-47.0938651 141.1066807 4576.423
-47.0938773 141.1070763 4582.423
-47.0938957 141.1075348 4595.423
-47.0939141 141.1079934 4619.423
-47.0939264 141.1083980 4620.423
-47.0939387 141.1088116 4624.423
-47.0939387 141.1091083 4601.423
-47.0939448 141.1094680 4596.423
-47.0939510 141.1098276 4584.423
-47.0939632 141.1102412 4593.423
-47.0939694 141.1106098 4588.423
-47.0939816 141.1110324 4596.423
-47.0940000 141.1114460 4602.423
-47.0940000 141.1117876 4592.423
-47.0931266 141.1122282 4600.383
-47.0931449 141.1127317 4623.383
-47.0931450 141.1130104 4601.383
-47.0931572 141.1134510 4611.383
-47.0931695 141.1138915 4620.383
-47.0931879 141.1144309 4651.383
-47.0932002 141.1148895 4663.383
-47.0931940 141.1150784 4620.383
-47.0931940 141.1153481 4601.383
-47.0932002 141.1157257 4598.383
-47.0932125 141.1161303 4599.383
-47.0932186 141.1165169 4598.383
-47.0932247 141.1168765 4594.383
-47.0932309 141.1172361 4590.383
-47.0932370 141.1175868 4581.383
-47.0932431 141.1179196 4571.383
-47.0932493 141.1182161 4556.383
-47.0932493 141.1185129 4543.383
-47.0932554 141.1188726 4540.383
-47.0932738 141.1194031 4563.383
-47.0932738 141.1196278 4536.383
-47.0932799 141.1199694 4528.383
-47.0932922 141.1204550 4545.383
-47.0933106 141.1209855 4566.383
-47.0933106 141.1212282 4546.383
-47.0933290 141.1217856 4569.383
-47.0933413 141.1222262 4577.383
-47.0933352 141.1223431 4538.383
-47.0933413 141.1226668 4531.383
-47.0933597 141.1232962 4562.383
-47.0933658 141.1236559 4560.383
-47.0933658 141.1238267 4529.383
-47.0933781 141.1242852 4539.383
-47.0933842 141.1246808 4540.383
-47.0933904 141.1249955 4532.383
-47.0933904 141.1252292 4511.383
-47.0934026 141.1257598 4532.383
-47.0934150 141.1261373 4528.383
-47.0934149 141.1263802 4510.383
-47.0934272 141.1268926 4528.383
-47.0934272 141.1270994 4507.383
-47.0934334 141.1274591 4503.383
-47.0934456 141.1278277 4501.383
-47.0934579 141.1283312 4514.383
-47.0934640 141.1287088 4514.383
-47.0934701 141.1290415 4511.383
-47.0934824 141.1294640 4512.383
-47.0934885 141.1298687 4515.383
-47.0934947 141.1301564 4504.383
-47.0935008 141.1304530 4495.383
-47.0935009 141.1307588 4487.383
-47.0935131 141.1311364 4484.383
-47.0935192 141.1314601 4479.383
-47.0935254 141.1318287 4477.383
-47.0935315 141.1321615 4473.383
-47.0935500 141.1327278 4491.383
-47.0935499 141.1330336 4483.383
-47.0935499 141.1332134 4463.383
-47.0927071 141.1336537 4466.353
-47.0927133 141.1341303 4477.353
-47.0927195 141.1344720 4471.353
-47.0927255 141.1347866 4466.353
-47.0927255 141.1351822 4466.353
-47.0927317 141.1354700 4458.353
-47.0927378 141.1358206 4455.353
-47.0927379 141.1361262 4448.353
-47.0927440 141.1364500 4443.353
-47.0927501 141.1368366 4443.353
-47.0927563 141.1371512 4437.353
-47.0927562 141.1374570 4429.353
-47.0927624 141.1378256 4429.353
-47.0927686 141.1381313 4423.353
-47.0927747 141.1385359 4426.353
-47.0927808 141.1389495 4428.353
-47.0927869 141.1394979 4443.353
-47.0927931 141.1397407 4430.353
-47.0927931 141.1400375 4424.353
-47.0927992 141.1403971 4422.353
-47.0927991 141.1407027 4415.353
-47.0928053 141.1410084 4409.353
-47.0928053 141.1411523 4389.353
-47.0928115 141.1416378 4400.353
-47.0928176 141.1420603 4404.353
-47.0928299 141.1425819 4415.353
-47.0928360 141.1429864 4417.353
-47.0928360 141.1432832 4409.353
-47.0928421 141.1435979 4405.353
-47.0928421 141.1438586 4396.353
-47.0928483 141.1441733 4389.353
-47.0928483 141.1444790 4384.353
-47.0928544 141.1448566 4384.353
-47.0928666 141.1454951 4406.353
-47.0928728 141.1458007 4400.353
-47.0928728 141.1461693 4398.353
-47.0928790 141.1465380 4399.353
-47.0928851 141.1468256 4392.353
-47.0928912 141.1472123 4392.353
-47.0928912 141.1475629 4390.353
-47.0928974 141.1478776 4385.353
-47.0929035 141.1482014 4381.353
-47.0929035 141.1485700 4381.353
-47.0929096 141.1488307 4373.353
-47.0929158 141.1493072 4380.353
-47.0929219 141.1497477 4384.353
-47.0929342 141.1504491 4407.353
-47.0929342 141.1507368 4401.353
-47.0929403 141.1511774 4405.353
-47.0929464 141.1514471 4398.353
-47.0929526 141.1518337 4399.353
-47.0929525 141.1521664 4395.353
-47.0929587 141.1525619 4397.353
-47.0929648 141.1529486 4396.353
-47.0929710 141.1533532 4399.353
-47.0929771 141.1539106 4411.353
-47.0929832 141.1543242 4413.353
-47.0929894 141.1546749 4410.353
-47.0929894 141.1548457 4397.353
-47.0929955 141.1551335 4390.353
-47.0929955 141.1553942 4382.353
-47.0930016 141.1557089 4379.353
-47.0930016 141.1559247 4367.353
-47.0930016 141.1562573 4365.353
-47.0930139 141.1568148 4377.353
-47.0930201 141.1573812 4389.353
-47.0930201 141.1573363 4362.353
-47.0930201 141.1576689 4360.353
-47.0930262 141.1579387 4352.353
-47.0930323 141.1584421 4360.353
-47.0930385 141.1588198 4360.353
-47.0930507 141.1596560 4389.353
-47.0930569 141.1600246 4387.353
-47.0930508 141.1600786 4368.353
-47.0930569 141.1604291 4365.353
-47.0930631 141.1606990 4358.353
-47.0930630 141.1610137 4355.353
-47.0930692 141.1615710 4365.353
-47.0930753 141.1619846 4368.353
-47.0930814 141.1623443 4367.353
-47.0930876 141.1627129 4366.353
-47.0930937 141.1632525 4375.353
-47.0930936 141.1635132 4369.353
-47.0930998 141.1639087 4369.353
-47.0931059 141.1643223 4371.353
-47.0931121 141.1648169 4378.353
-47.0931182 141.1652034 4379.353
-47.0931244 141.1655092 4375.353
-47.0931243 141.1658867 4375.353
-47.0931305 141.1663453 4379.353
-47.0931366 141.1668129 4383.353
-47.0931428 141.1670826 4376.353
-47.0931551 141.1677839 4393.353
-47.0931551 141.1680716 4389.353
-47.0931612 141.1684402 4387.353
-47.0931735 141.1692134 4409.353
-47.0931673 141.1692584 4391.353
-47.0931735 141.1695371 4384.353
-47.0931734 141.1697350 4375.353
-47.0931735 141.1699239 4365.353
-47.0931796 141.1703283 4366.353
-47.0931857 141.1707150 4366.353
-47.0931857 141.1708948 4355.353
-47.0931919 141.1714523 4365.353
-47.0931980 141.1717940 4363.353
-47.0934528 141.0105694 4350.871
-47.0934589 141.0106953 4364.871
-47.0934650 141.0108212 4376.871
-47.0934650 141.0109471 4390.871
-47.0934712 141.0110729 4404.871
-47.0934282 141.0146784 4358.871
-47.0933976 141.0158742 4313.871
-47.0934037 141.0159371 4332.871
-47.0934037 141.0162788 4334.871
-47.0934283 141.0158922 4376.871
-47.0934344 141.0158742 4399.871
-47.0934405 141.0160271 4412.871
-47.0933731 141.0222039 4346.871
-47.0933853 141.0219701 4383.871
-47.0933853 141.0222579 4388.871
-47.0933853 141.0225725 4393.871
-47.0933853 141.0228692 4398.871
-47.0933853 141.0233008 4395.871
-47.0933853 141.0236964 4396.871
-47.0933792 141.0240560 4397.871
-47.0933792 141.0243258 4403.871
-47.0933853 141.0246316 4410.871
-47.0933853 141.0248023 4423.871
-47.0933915 141.0250541 4431.871
-47.0933915 141.0253329 4438.871
-47.0933976 141.0255305 4451.871
-47.0933976 141.0257284 4463.871
-47.0934037 141.0259352 4475.871
-47.0933975 141.0265196 4462.871
-47.0933975 141.0268433 4467.871
-47.0933975 141.0271401 4473.871
-47.0934037 141.0273558 4485.871
-47.0933975 141.0287854 4496.871
-47.0933730 141.0298913 4446.871
-47.0933669 141.0303768 4439.871
-47.0933669 141.0306195 4449.871
-47.0933730 141.0308713 4459.871
-47.0933730 141.0311680 4466.871
-47.0933730 141.0316176 4460.871
-47.0933608 141.0322560 4444.871
-47.0933546 141.0326875 4440.871
-47.0933608 141.0329303 4451.871
-47.0933608 141.0331910 4458.871
-47.0933669 141.0334607 4468.871
-47.0933669 141.0337575 4475.871
-47.0933730 141.0339283 4491.871
-47.0933792 141.0342430 4498.871
-47.0933730 141.0347105 4492.871
-47.0933669 141.0351781 4485.871
-47.0933669 141.0355827 4485.871
-47.0933608 141.0360322 4480.871
-47.0933669 141.0363020 4489.871
-47.0933669 141.0366166 4495.871
-47.0933669 141.0369133 4502.871
-47.0933608 141.0374348 4493.871
-47.0933423 141.0382710 4457.871
-47.0933608 141.0382171 4491.871
-47.0933669 141.0383609 4512.871
-47.0933669 141.0387475 4513.871
-47.0933669 141.0391971 4508.871
-47.0933730 141.0393499 4528.871
-47.0933792 141.0396826 4533.871
-47.0933607 141.0403568 4509.871
-47.0933546 141.0409413 4491.871
-47.0933546 141.0413010 4495.871
-47.0933546 141.0416517 4498.871
-47.0933608 141.0419214 4507.871
-47.0933607 141.0422181 4516.871
-47.0933792 141.0422180 4551.871
-47.0933546 141.0430901 4509.871
-47.0933608 141.0434229 4513.871
-47.0933608 141.0437736 4517.871
-47.0933608 141.0441063 4523.871
-47.0933669 141.0444209 4531.871
-47.0933669 141.0447626 4534.871
-47.0933546 141.0454638 4505.871
-47.0933669 141.0455358 4535.871
-47.0933792 141.0456526 4561.871
-47.0933792 141.0460663 4560.871
-47.0933608 141.0468395 4521.871
-47.0933607 141.0471452 4528.871
-47.0933792 141.0471902 4564.871
-47.0933730 141.0476757 4555.871
-47.0933731 141.0481612 4545.871
-47.0933570 141.0486827 4534.891
-47.0933631 141.0489973 4541.891
-47.0933569 141.0494108 4537.891
-47.0933570 141.0498694 4531.891
-47.0933508 141.0503370 4524.891
-47.0933447 141.0508225 4512.891
-47.0933447 141.0511911 4514.891
-47.0933447 141.0515778 4514.891
-47.0933508 141.0519734 4515.891
-47.0933508 141.0523150 4519.891
-47.0933569 141.0526208 4527.891
-47.0933508 141.0530343 4524.891
-47.0933569 141.0534029 4528.891
-47.0933631 141.0537175 4537.891
-47.0933631 141.0540592 4540.891
-47.0933692 141.0543920 4549.891
-47.0933447 141.0552012 4498.891
-47.0933385 141.0556687 4488.891
-47.0933447 141.0560014 4494.891
-47.0933385 141.0564328 4488.891
-47.0933447 141.0568106 4489.891
-47.0933447 141.0571881 4490.891
-47.0933508 141.0574848 4499.891
-47.0933570 141.0578176 4507.891
-47.0933570 141.0582222 4505.891
-47.0933570 141.0586267 4503.891
-47.0933570 141.0589774 4507.891
-47.0933631 141.0593100 4515.891
-47.0933692 141.0596338 4522.891
-47.0933692 141.0600563 4518.891
-47.0933508 141.0607037 4480.891
-47.0933569 141.0610453 4486.891
-47.0933570 141.0614409 4485.891
-47.0933631 141.0617376 4499.891
-47.0933692 141.0620164 4512.891
-47.0933876 141.0622591 4536.891
-47.0933937 141.0625648 4546.891
-47.0933876 141.0630324 4535.891
-47.0933754 141.0635988 4506.891
-47.0933754 141.0639944 4506.891
-47.0933692 141.0645249 4482.891
-47.0933692 141.0648845 4484.891
-47.0933753 141.0652622 4485.891
-47.0933753 141.0656847 4479.891
-47.0933814 141.0660084 4490.891
-47.0933815 141.0663950 4490.891
-47.0933877 141.0667007 4500.891
-47.0933876 141.0671413 4490.891
-47.0933877 141.0675279 4491.891
-47.0933937 141.0679145 4491.891
-47.0934061 141.0681842 4509.891
-47.0934122 141.0685619 4512.891
-47.0934000 141.0690834 4483.891
-47.0933999 141.0694699 4484.891
-47.0934122 141.0697488 4506.891
-47.0934122 141.0701533 4499.891
-47.0934244 141.0704949 4507.891
-47.0931383 141.0710613 4472.911
-47.0931383 141.0714839 4465.911
-47.0931445 141.0718616 4465.911
-47.0931506 141.0722122 4469.911
-47.0931568 141.0725719 4477.911
-47.0931629 141.0729045 4487.911
-47.0931691 141.0732462 4495.911
-47.0931751 141.0736058 4501.911
-47.0931813 141.0740374 4494.911
-47.0931813 141.0744149 4490.911
-47.0931874 141.0747926 4492.911
-47.0931935 141.0751433 4500.911
-47.0931874 141.0756018 4479.911
-47.0931935 141.0759704 4481.911
-47.0932058 141.0762851 4501.911
-47.0932059 141.0767078 4491.911
-47.0932182 141.0770314 4505.911
-47.0932181 141.0774720 4488.911
-47.0932243 141.0778406 4491.911
-47.0932304 141.0782092 4496.911
-47.0932365 141.0785688 4502.911
-47.0932426 141.0789376 4507.911
-47.0932488 141.0793241 4508.911
-47.0932488 141.0797378 4495.911
-47.0932488 141.0801513 4483.911
-47.0932549 141.0805199 4486.911
-47.0932611 141.0808796 4494.911
-47.0932672 141.0812573 4497.911
-47.0932733 141.0816708 4488.911
-47.0932795 141.0820124 4501.911
-47.0932856 141.0823901 4502.911
-47.0932979 141.0827408 4516.911
-47.0933040 141.0831273 4514.911
-47.0933102 141.0835050 4517.911
-47.0933346 141.0838377 4548.911
-47.0933285 141.0842602 4531.911
-47.0933346 141.0846468 4525.911
-47.0933408 141.0850245 4526.911
-47.0933470 141.0854111 4530.911
-47.0933593 141.0857887 4535.911
-47.0933653 141.0861574 4539.911
-47.0933715 141.0865531 4537.911
-47.0933715 141.0869485 4524.911
-47.0933777 141.0873262 4525.911
-47.0933961 141.0877038 4546.911
-47.0933960 141.0880815 4542.911
-47.0933961 141.0884771 4529.911
-47.0934083 141.0888547 4532.911
-47.0934144 141.0892413 4532.911
-47.0934205 141.0896279 4536.911
-47.0934328 141.0900146 4545.911
-47.0934328 141.0904011 4526.911
-47.0934512 141.0907788 4550.911
-47.0934513 141.0911654 4543.911
-47.0930390 141.0915519 4538.901
-47.0930513 141.0919476 4540.901
-47.0930574 141.0923162 4543.901
-47.0930636 141.0927118 4543.901
-47.0930697 141.0930985 4541.901
-47.0930697 141.0934671 4525.901
-47.0930881 141.0938717 4543.901
-47.0931004 141.0942493 4551.901
-47.0931065 141.0946449 4554.901
-47.0931188 141.0950316 4558.901
-47.0931249 141.0954271 4560.901
-47.0931371 141.0958048 4561.901
-47.0931433 141.0961824 4563.901
-47.0931495 141.0965780 4563.901
-47.0931556 141.0969646 4560.901
-47.0931618 141.0973423 4558.901
-47.0931740 141.0977379 4556.901
-47.0931740 141.0981065 4549.901
-47.0931862 141.0985022 4553.901
-47.0932047 141.0989248 4578.901
-47.0932108 141.0993023 4573.901
-47.0932108 141.0996530 4551.901
-47.0932353 141.1001026 4581.901
-47.0932415 141.1004981 4584.901
-47.0932477 141.1008758 4582.901
-47.0932537 141.1012534 4576.901
-47.0932599 141.1016221 4568.901
-47.0932660 141.1019817 4557.901
-47.0932721 141.1023863 4561.901
-47.0932966 141.1028179 4583.901
-47.0933028 141.1032044 4580.901
-47.0933028 141.1035551 4570.901
-47.0933152 141.1039597 4576.901
-47.0933274 141.1043553 4576.901
-47.0933458 141.1048049 4596.901
-47.0933580 141.1052094 4602.901
-47.0933703 141.1056051 4606.901
-47.0933765 141.1059917 4605.901
-47.0933765 141.1063335 4591.901
-47.0933949 141.1067560 4599.901
-47.0934071 141.1071605 4605.901
-47.0934256 141.1076550 4629.901
-47.0934378 141.1080417 4629.901
-47.0934317 141.1083204 4599.901
-47.0934317 141.1086710 4589.901
-47.0934440 141.1090488 4586.901
-47.0934685 141.1095612 4618.901
-47.0934623 141.1098488 4590.901
-47.0934746 141.1102355 4589.901
-47.0934807 141.1105952 4583.901
-47.0934931 141.1109998 4585.901
-47.0935114 141.1114673 4604.901
-47.0935298 141.1119349 4623.901
-47.0928587 141.1123035 4615.881
-47.0928588 141.1126183 4601.881
-47.0928711 141.1130498 4607.881
-47.0928833 141.1134813 4618.881
-47.0928956 141.1138770 4618.881
-47.0929018 141.1142366 4611.881
-47.0929078 141.1145873 4604.881
-47.0929078 141.1149290 4593.881
-47.0929201 141.1153065 4594.881
-47.0929262 141.1157201 4595.881
-47.0929324 141.1160618 4587.881
-47.0929446 141.1164574 4589.881
-47.0929631 141.1169430 4607.881
-47.0929693 141.1173026 4600.881
-47.0929692 141.1175903 4584.881
-47.0929753 141.1179320 4572.881
-47.0929815 141.1182646 4564.881
-47.0929876 141.1186063 4559.881
-47.0929999 141.1191188 4578.881
-47.0930060 141.1194605 4570.881
-47.0930122 141.1197752 4559.881
-47.0930183 141.1200988 4548.881
-47.0930244 141.1204315 4542.881
-47.0930367 141.1208451 4545.881
-47.0930367 141.1211508 4534.881
-47.0930428 141.1215194 4529.881
-47.0930551 141.1218880 4527.881
-47.0930612 141.1222387 4524.881
-47.0930674 141.1225983 4519.881
-47.0930797 141.1230390 4527.881
-47.0930919 141.1234345 4529.881
-47.0930981 141.1237582 4519.881
-47.0931041 141.1240818 4511.881
-47.0931104 141.1244865 4514.881
-47.0931226 141.1248371 4511.881
-47.0931225 141.1251428 4500.881
-47.0931472 141.1257811 4534.881
-47.0931594 141.1262037 4538.881
-47.0931655 141.1265634 4535.881
-47.0931716 141.1268871 4528.881
-47.0931839 141.1273007 4532.881
-47.0931962 141.1276964 4531.881
-47.0932024 141.1280020 4521.881
-47.0931963 141.1281548 4494.881
-47.0932085 141.1286314 4506.881
-47.0932208 141.1290629 4511.881
-47.0932208 141.1292787 4491.881
-47.0932269 141.1295664 4479.881
-47.0932330 141.1298541 4470.881
-47.0932330 141.1301419 4459.881
-47.0932514 141.1306813 4476.881
-47.0932637 141.1310590 4476.881
-47.0932576 141.1312029 4451.881
-47.0932636 141.1314905 4441.881
-47.0932882 141.1321290 4468.881
-47.0933067 141.1326594 4484.881
-47.0933005 141.1328122 4459.881
-47.0933127 141.1331808 4458.881
-47.0925865 141.1336035 4462.851
-47.0925927 141.1338553 4450.851
-47.0925927 141.1341070 4438.851
-47.0926050 141.1345835 4446.851
-47.0926111 141.1348982 4440.851
-47.0926172 141.1352039 4434.851
-47.0926234 141.1355636 4431.851
-47.0926295 141.1359591 4434.851
-47.0926356 141.1364087 4440.851
-47.0926479 141.1368404 4445.851
-47.0926540 141.1372450 4448.851
-47.0926602 141.1375955 4445.851
-47.0926724 141.1380182 4448.851
-47.0926724 141.1382968 4440.851
-47.0926785 141.1386385 4436.851
-47.0926847 141.1389263 4427.851
-47.0926909 141.1392770 4425.851
-47.0926970 141.1395916 4419.851
-47.0927031 141.1399242 4416.851
-47.0927154 141.1404008 4425.851
-47.0927154 141.1406705 4414.851
-47.0927215 141.1409942 4410.851
-47.0927276 141.1413179 4406.851
-47.0927338 141.1416595 4403.851
-47.0927338 141.1417405 4378.851
-47.0927399 141.1421900 4384.851
-47.0927522 141.1426575 4391.851
-47.0927644 141.1432689 4410.851
-47.0927767 141.1437005 4415.851
-47.0927767 141.1439163 4402.851
-47.0927829 141.1442760 4399.851
-47.0927890 141.1444918 4386.851
-47.0927951 141.1449143 4391.851
-47.0928013 141.1453099 4393.851
-47.0928074 141.1456785 4392.851
-47.0928197 141.1460382 4391.851
-47.0928258 141.1463888 4389.851
-47.0928320 141.1467126 4386.851
-47.0928381 141.1471172 4386.851
-47.0928503 141.1476026 4394.851
-47.0928503 141.1478904 4388.851
-47.0928565 141.1481961 4383.851
-47.0928627 141.1485557 4382.851
-47.0928688 141.1488075 4372.851
-47.0928749 141.1491222 4369.851
-47.0928933 141.1498774 4396.851
-47.0929055 141.1504978 4413.851
-47.0929117 141.1507226 4403.851
-47.0929117 141.1509832 4394.851
-47.0929178 141.1512350 4385.851
-47.0929240 141.1515407 4380.851
-47.0929240 141.1518284 4374.851
-47.0929363 141.1523590 4384.851
-47.0929424 141.1526197 4377.851
-47.0929547 141.1531141 4384.851
-47.0929608 141.1534829 4384.851
-47.0929670 141.1538965 4386.851
-47.0929730 141.1542201 4383.851
-47.0929792 141.1545887 4382.851
-47.0929853 141.1549483 4380.851
-47.0929854 141.1550563 4362.851
-47.0930038 141.1558115 4388.851
-47.0930038 141.1559734 4373.851
-47.0930099 141.1562881 4370.851
-47.0930161 141.1566028 4366.851
-47.0930221 141.1568905 4360.851
-47.0930345 141.1574659 4373.851
-47.0930344 141.1575468 4354.851
-47.0930835 141.1600733 4371.851
-47.0931019 141.1606668 4383.851
-47.0931019 141.1609364 4376.851
-47.0931080 141.1613050 4375.851
-47.0931142 141.1615838 4369.851
-47.0931203 141.1618535 4363.851
-47.0931326 141.1623660 4372.851
-47.0931448 141.1629684 4384.851
-47.0931449 141.1630763 4367.851
-47.0931510 141.1634180 4367.851
-47.0931571 141.1638676 4370.851
-47.0931695 141.1643081 4373.851
-47.0931817 141.1648476 4383.851
-47.0931817 141.1650184 4372.851
-47.0931878 141.1654320 4373.851
-47.0931940 141.1657736 4371.851
-47.0932000 141.1660165 4364.851
-47.0932062 141.1662772 4357.851
-47.0932123 141.1665918 4353.851
-47.0932123 141.1668706 4347.851
-47.0932246 141.1672842 4349.851
-47.0932307 141.1676708 4349.851
-47.0932369 141.1680303 4349.851
-47.0932614 141.1689745 4379.851
-47.0932552 141.1688575 4352.851
-47.0932675 141.1695769 4370.851
-47.0932798 141.1699724 4371.851
-47.0932859 141.1704220 4374.851
-47.0932983 141.1708716 4378.851
-47.0933044 141.1711863 4374.851
-47.0933105 141.1715819 4376.851
-47.0933289 141.1723821 4397.851
-47.0926188 141.0105787 4360.916
-47.0926125 141.0110103 4359.916
-47.0926065 141.0114328 4356.916
-47.0926064 141.0118645 4354.916
-47.0925881 141.0127097 4330.916
-47.0925695 141.0152901 4337.916
-47.0925758 141.0152901 4356.916
-47.0925818 141.0153800 4373.916
-47.0925818 141.0155687 4384.916
-47.0925818 141.0158296 4391.916
-47.0925818 141.0160633 4400.916
-47.0925880 141.0161981 4414.916
-47.0925449 141.0213949 4405.916
-47.0925326 141.0220064 4392.916
-47.0925203 141.0227617 4369.916
-47.0925080 141.0235259 4346.916
-47.0925142 141.0235708 4366.916
-47.0925080 141.0240114 4362.916
-47.0925080 141.0243261 4367.916
-47.0925080 141.0246498 4371.916
-47.0925019 141.0250005 4371.916
-47.0925080 141.0252971 4378.916
-47.0925080 141.0255669 4385.916
-47.0925080 141.0258365 4392.916
-47.0925079 141.0261153 4398.916
-47.0925080 141.0263850 4406.916
-47.0925080 141.0266368 4414.916
-47.0925079 141.0269155 4421.916
-47.0925079 141.0272751 4423.916
-47.0925018 141.0276258 4425.916
-47.0925018 141.0279405 4430.916
-47.0925017 141.0282371 4436.916
-47.0925018 141.0285610 4440.916
-47.0925018 141.0289385 4442.916
-47.0925018 141.0292262 4447.916
-47.0924957 141.0297387 4439.916
-47.0924956 141.0299725 4449.916
-47.0924895 141.0304310 4444.916
-47.0924956 141.0307007 4453.916
-47.0924895 141.0310694 4454.916
-47.0924833 141.0315549 4447.916
-47.0924895 141.0318156 4455.916
-47.0924833 141.0321393 4461.916
-47.0924894 141.0324361 4467.916
-47.0924895 141.0326877 4477.916
-47.0924894 141.0329575 4485.916
-47.0924955 141.0330924 4504.916
-47.0924894 141.0336768 4489.916
-47.0924833 141.0340096 4493.916
-47.0924833 141.0344141 4494.916
-47.0924832 141.0346568 4504.916
-47.0924832 141.0350075 4507.916
-47.0924894 141.0352862 4516.916
-47.0924833 141.0356188 4520.916
-47.0924894 141.0359066 4528.916
-47.0924832 141.0362573 4531.916
-47.0924586 141.0373631 4474.916
-47.0924525 141.0378757 4464.916
-47.0924525 141.0381544 4473.916
-47.0924586 141.0383971 4484.916
-47.0924586 141.0386400 4496.916
-47.0924648 141.0388737 4510.916
-47.0924647 141.0390985 4523.916
-47.0924708 141.0393233 4537.916
-47.0924770 141.0395481 4551.916
-47.0924770 141.0397728 4565.916
-47.0924831 141.0399976 4579.916
-47.0924892 141.0402314 4594.916
-47.0924770 141.0408967 4571.916
-47.0924586 141.0417509 4529.916
-47.0924585 141.0420296 4539.916
-47.0924525 141.0426140 4522.916
-47.0924523 141.0429647 4526.916
-47.0924463 141.0433422 4527.916
-47.0924463 141.0437109 4528.916
-47.0924462 141.0441065 4528.916
-47.0924462 141.0444751 4530.916
-47.0924401 141.0448976 4527.916
-47.0924401 141.0452933 4526.916
-47.0924400 141.0456169 4532.916
-47.0924400 141.0459316 4539.916
-47.0924400 141.0463362 4538.916
-47.0924400 141.0466959 4540.916
-47.0924339 141.0472264 4526.916
-47.0924278 141.0477298 4515.916
-47.0924216 141.0482064 4506.916
-47.0924155 141.0486110 4504.916
-47.0926508 141.0490335 4499.926
-47.0926631 141.0491144 4529.926
-47.0926691 141.0493842 4543.926
-47.0926508 141.0500315 4515.926
-47.0926508 141.0503462 4524.926
-47.0926508 141.0507058 4526.926
-47.0926446 141.0511734 4517.926
-47.0926508 141.0513802 4536.926
-47.0926631 141.0516139 4555.926
-47.0926446 141.0522164 4531.926
-47.0926446 141.0525850 4532.926
-47.0926446 141.0529717 4532.926
-47.0926446 141.0533852 4531.926
-47.0926261 141.0540506 4497.926
-47.0926384 141.0541314 4533.926
-47.0926139 141.0549676 4479.926
-47.0926261 141.0550846 4512.926
-47.0926200 141.0555521 4502.926
-47.0926016 141.0562713 4460.926
-47.0926016 141.0565950 4468.926
-47.0926077 141.0568468 4483.926
-47.0926077 141.0571795 4491.926
-47.0926015 141.0576379 4480.926
-47.0926076 141.0579886 4484.926
-47.0926015 141.0583662 4485.926
-47.0926077 141.0587079 4490.926
-47.0926077 141.0590765 4492.926
-47.0926015 141.0595171 4485.926
-47.0926077 141.0597958 4498.926
-47.0926137 141.0600746 4514.926
-47.0925953 141.0607130 4477.926
-47.0925892 141.0611445 4470.926
-47.0925892 141.0615131 4472.926
-47.0925953 141.0618369 4482.926
-47.0926014 141.0621156 4496.926
-47.0926014 141.0624393 4506.926
-47.0925892 141.0629877 4480.926
-47.0925953 141.0633473 4483.926
-47.0925953 141.0637070 4486.926
-47.0925892 141.0641565 4478.926
-47.0925952 141.0644712 4488.926
-47.0925952 141.0647769 4499.926
-47.0926014 141.0651006 4510.926
-47.0926075 141.0654423 4517.926
-47.0926075 141.0658199 4518.926
-47.0925829 141.0664582 4474.926
-47.0925890 141.0667999 4481.926
-47.0925890 141.0671775 4480.926
-47.0925890 141.0675282 4487.926
-47.0925829 141.0680227 4466.926
-47.0925890 141.0683374 4477.926
-47.0925890 141.0686700 4487.926
-47.0925951 141.0690028 4495.926
-47.0926012 141.0693444 4503.926
-47.0926012 141.0697130 4508.926
-47.0926012 141.0701176 4503.926
-47.0925890 141.0706302 4477.926
-47.0926281 141.0710077 4476.936
-47.0926280 141.0713493 4484.936
-47.0926280 141.0717628 4478.936
-47.0926280 141.0721316 4480.936
-47.0926403 141.0724193 4503.936
-47.0926525 141.0727070 4524.936
-47.0926403 141.0732014 4497.936
-47.0926403 141.0735521 4506.936
-47.0926464 141.0738938 4517.936
-47.0926525 141.0742714 4517.936
-47.0926464 141.0746670 4512.936
-47.0926464 141.0750896 4502.936
-47.0926463 141.0754852 4499.936
-47.0926463 141.0758719 4501.936
-47.0926402 141.0762855 4490.936
-47.0926341 141.0767530 4464.936
-47.0926340 141.0771126 4470.936
-47.0926402 141.0774543 4483.936
-47.0926463 141.0778049 4488.936
-47.0926525 141.0781736 4494.936
-47.0926525 141.0785422 4500.936
-47.0926586 141.0789198 4501.936
-47.0926586 141.0792975 4501.936
-47.0926647 141.0796661 4507.936
-47.0926708 141.0800347 4514.936
-47.0926708 141.0804033 4515.936
-47.0926708 141.0808080 4511.936
-47.0926708 141.0811946 4507.936
-47.0926707 141.0815722 4509.936
-47.0926769 141.0819678 4506.936
-47.0926768 141.0823364 4509.936
-47.0926768 141.0827321 4505.936
-47.0926892 141.0830647 4529.936
-47.0926953 141.0834603 4525.936
-47.0926891 141.0838560 4516.936
-47.0926953 141.0842336 4520.936
-47.0927014 141.0846022 4527.936
-47.0927075 141.0849708 4533.936
-47.0927137 141.0853575 4539.936
-47.0927075 141.0857531 4527.936
-47.0927075 141.0861486 4520.936
-47.0927136 141.0865353 4524.936
-47.0927136 141.0869129 4523.936
-47.0927136 141.0872995 4512.936
-47.0927197 141.0876861 4515.936
-47.0927320 141.0880457 4544.936
-47.0927442 141.0884234 4560.936
-47.0927565 141.0887921 4579.936
-47.0927442 141.0892056 4547.936
-47.0927503 141.0895832 4549.936
-47.0927565 141.0899609 4554.936
-47.0927627 141.0903565 4562.936
-47.0927627 141.0907431 4551.936
-47.0927627 141.0911297 4550.936
-47.0926142 141.0915164 4544.936
-47.0926080 141.0918941 4524.936
-47.0926203 141.0922806 4549.936
-47.0926264 141.0926763 4553.936
-47.0926325 141.0930629 4553.936
-47.0926325 141.0934405 4553.936
-47.0926387 141.0938362 4551.936
-47.0926387 141.0942137 4544.936
-47.0926509 141.0946094 4553.936
-47.0926570 141.0949959 4558.936
-47.0926570 141.0953826 4558.936
-47.0926632 141.0957693 4559.936
-47.0926693 141.0961468 4561.936
-47.0926754 141.0965425 4560.936
-47.0926754 141.0969290 4561.936
-47.0926877 141.0973157 4567.936
-47.0926938 141.0977203 4571.936
-47.0926938 141.0980979 4568.936
-47.0926999 141.0984754 4562.936
-47.0926999 141.0988621 4560.936
-47.0927306 141.0993296 4606.936
-47.0927244 141.0996893 4588.936
-47.0927244 141.1000670 4581.936
-47.0927306 141.1004535 4583.936
-47.0927366 141.1008402 4583.936
-47.0927428 141.1012267 4580.936
-47.0927428 141.1016045 4577.936
-47.0927489 141.1019821 4575.936
-47.0927551 141.1023866 4579.936
-47.0927612 141.1027642 4575.936
-47.0927612 141.1031239 4567.936
-47.0927734 141.1035465 4576.936
-47.0927796 141.1039511 4583.936
-47.0927796 141.1043197 4576.936
-47.0928164 141.1048682 4630.936
-47.0928041 141.1051379 4591.936
-47.0928102 141.1055336 4592.936
-47.0928224 141.1059831 4611.936
-47.0928287 141.1063607 4609.936
-47.0928285 141.1067293 4600.936
-47.0928285 141.1070890 4592.936
-47.0928409 141.1075206 4601.936
-47.0928531 141.1079611 4615.936
-47.0928654 141.1083657 4620.936
-47.0928715 141.1087524 4617.936
-47.0928715 141.1091209 4613.936
-47.0928960 141.1096604 4649.936
-47.0928837 141.1099031 4612.936
-47.0928838 141.1102359 4598.936
-47.0928898 141.1106135 4596.936
-47.0928960 141.1110001 4594.936
-47.0929021 141.1113598 4588.936
-47.0929021 141.1117104 4579.936
-47.0925317 141.1121420 4586.926
-47.0925440 141.1125915 4602.926
-47.0925501 141.1130141 4607.926
-47.0925625 141.1134547 4618.926
-47.0925563 141.1136705 4580.926
-47.0925685 141.1141469 4599.926
-47.0925747 141.1145426 4600.926
-47.0925869 141.1150371 4619.926
-47.0925992 141.1154417 4624.926
-47.0925931 141.1157115 4599.926
-47.0925931 141.1160082 4581.926
-47.0925931 141.1163588 4575.926
-47.0926053 141.1167633 4577.926
-47.0926176 141.1172759 4600.926
-47.0926237 141.1176535 4598.926
-47.0926298 141.1179953 4589.926
-47.0926359 141.1183818 4587.926
-47.0926360 141.1187325 4582.926
-47.0926298 141.1189213 4551.926
-47.0926359 141.1193079 4549.926
-47.0926420 141.1196855 4548.926
-47.0926604 141.1202071 4568.926
-47.0926482 141.1203509 4532.926
-47.0926542 141.1207284 4530.926
-47.0926604 141.1211241 4532.926
-47.0926727 141.1215198 4533.926
-47.0926788 141.1219333 4538.926
-47.0926910 141.1223919 4548.926
-47.0927094 141.1229763 4575.926
-47.0927094 141.1232370 4556.926
-47.0927095 141.1234708 4536.926
-47.0927094 141.1237945 4526.926
-47.0927094 141.1240912 4514.926
-47.0927217 141.1245587 4527.926
-47.0927278 141.1249452 4526.926
-47.0927278 141.1251521 4503.926
-47.0927401 141.1256826 4522.926
-47.0927585 141.1261591 4534.926
-47.0927646 141.1265277 4532.926
-47.0927707 141.1269323 4534.926
-47.0927769 141.1272650 4528.926
-47.0927769 141.1275437 4515.926
-47.0927707 141.1277685 4495.926
-47.0927829 141.1282002 4500.926
-47.0927891 141.1285328 4495.926
-47.0927891 141.1288294 4486.926
-47.0927891 141.1290723 4467.926
-47.0928074 141.1295936 4482.926
-47.0928258 141.1301512 4504.926
-47.0928381 141.1307265 4524.926
-47.0928382 141.1308884 4500.926
-47.0928320 141.1310682 4478.926
-47.0928504 141.1316887 4504.926
-47.0928626 141.1321112 4508.926
-47.0928564 141.1322371 4481.926
-47.0928565 141.1324979 4468.926
-47.0928688 141.1329475 4473.926
-47.0928626 141.1331181 4453.926
-47.0923512 141.1333701 4439.916
-47.0923634 141.1338287 4447.916
-47.0923695 141.1341883 4446.916
-47.0923817 141.1347188 4461.916
-47.0923879 141.1351503 4465.916
-47.0923879 141.1354111 4454.916
-47.0923940 141.1356898 4444.916
-47.0923940 141.1360045 4437.916
-47.0924062 141.1365710 4456.916
-47.0924123 141.1369036 4451.916
-47.0924124 141.1371284 4436.916
-47.0924062 141.1371374 4401.916
-47.0924246 141.1379286 4439.916
-47.0924246 141.1380904 4420.916
-47.0924307 141.1383961 4414.916
-47.0924307 141.1387018 4406.916
-47.0924369 141.1390434 4403.916
-47.0924369 141.1392953 4392.916
-47.0924491 141.1397359 4399.916
-47.0924552 141.1401224 4399.916
-47.0924553 141.1404371 4393.916
-47.0924614 141.1407518 4388.916
-47.0924675 141.1410845 4385.916
-47.0924736 141.1414981 4388.916
-47.0924797 141.1417858 4380.916
-47.0924859 141.1421275 4377.916
-47.0924920 141.1424871 4376.916
-47.0924920 141.1427838 4369.916
-47.0924920 141.1430356 4360.916
-47.0925104 141.1435751 4374.916
-47.0925166 141.1439616 4373.916
-47.0925288 141.1445191 4388.916
-47.0925349 141.1448967 4388.916
-47.0925411 141.1452743 4389.916
-47.0925472 141.1456429 4388.916
-47.0925533 141.1460296 4388.916
-47.0925655 141.1465241 4397.916
-47.0925656 141.1467759 4388.916
-47.0925717 141.1470905 4382.916
-47.0925716 141.1472973 4370.916
-47.0925778 141.1477019 4372.916
-47.0925839 141.1481065 4374.916
-47.0926023 141.1487089 4392.916
-47.0926085 141.1491045 4392.916
-47.0926145 141.1495181 4395.916
-47.0926207 141.1497789 4386.916
-47.0926330 141.1503722 4402.916
-47.0926391 141.1506780 4397.916
-47.0926453 141.1510016 4393.916
-47.0926452 141.1512893 4386.916
-47.0926514 141.1516581 4386.916
-47.0926574 141.1519636 4382.916
-47.0926636 141.1523503 4381.916
-47.0926698 141.1526561 4377.916
-47.0926759 141.1529977 4374.916
-47.0926758 141.1533213 4370.916
-47.0926881 141.1537080 4371.916
-47.0926820 141.1538249 4354.916
-47.0927065 141.1546610 4384.916
-47.0927126 141.1551195 4389.916
-47.0927248 141.1556051 4396.916
-47.0927310 141.1559737 4395.916
-47.0927310 141.1561805 4384.916
-47.0927371 141.1565132 4381.916
-47.0927432 141.1568279 4377.916
-47.0927432 141.1569717 4363.916
-47.0927555 141.1574933 4372.916
-47.0927616 141.1578349 4370.916
-47.0927678 141.1581585 4367.916
-47.0927739 141.1585452 4366.916
-47.0927800 141.1589947 4370.916
-47.0927923 141.1594712 4377.916
-47.0927984 141.1598309 4375.916
-47.0928045 141.1601366 4371.916
-47.0928106 141.1605951 4376.916
-47.0928107 141.1607840 4363.916
-47.0928168 141.1611526 4363.916
-47.0928229 141.1615032 4361.916
-47.0928291 141.1617910 4356.916
-47.0928413 141.1622406 4361.916
-47.0928474 141.1626002 4360.916
-47.0928536 141.1630587 4364.916
-47.0928658 141.1634902 4367.916
-47.0928842 141.1642545 4389.916
-47.0928720 141.1641467 4361.916
-47.0928965 141.1649199 4384.916
-47.0928964 141.1650818 4372.916
-47.0928965 141.1653874 4368.916
-47.0929026 141.1656212 4360.916
-47.0929087 141.1659268 4355.916
-47.0929149 141.1663405 4357.916
-47.0929209 141.1666192 4351.916
-47.0929271 141.1670867 4356.916
-47.0929332 141.1674193 4354.916
-47.0929394 141.1677521 4351.916
-47.0929516 141.1683634 4364.916
-47.0929577 141.1686242 4358.916
-47.0929639 141.1690018 4357.916
-47.0929700 141.1694424 4360.916
-47.0929761 141.1697391 4356.916
-47.0929883 141.1702156 4361.916
-47.0929884 141.1702876 4344.916
-47.0929945 141.1706832 4345.916
-47.0930007 141.1710428 4346.916
-47.0930068 141.1713934 4343.916
-47.0916368 141.0111852 4338.248
-47.0916429 141.0112660 4355.248
-47.0916429 141.0118235 4344.248
-47.0916429 141.0121112 4349.248
-47.0916429 141.0124079 4353.248
-47.0916490 141.0127227 4357.248
-47.0916491 141.0129474 4365.248
-47.0916491 141.0134329 4360.248
-47.0916491 141.0137026 4367.248
-47.0916491 141.0142691 4356.248
-47.0916429 141.0149793 4338.248
-47.0916429 141.0152941 4342.248
-47.0916429 141.0156627 4342.248
-47.0916429 141.0160134 4344.248
-47.0916429 141.0163460 4347.248
-47.0916429 141.0167237 4348.248
-47.0916490 141.0169755 4354.248
-47.0916491 141.0173351 4356.248
-47.0916491 141.0178206 4349.248
-47.0916429 141.0182881 4344.248
-47.0916429 141.0186658 4344.248
-47.0916490 141.0188725 4353.248
-47.0916490 141.0193581 4348.248
-47.0916490 141.0197088 4349.248
-47.0916491 141.0200324 4353.248
-47.0916491 141.0204460 4351.248
-47.0916552 141.0206797 4358.248
-47.0916551 141.0209225 4366.248
-47.0916552 141.0213810 4362.248
-47.0916552 141.0217227 4365.248
-47.0916613 141.0220554 4369.248
-47.0916613 141.0224960 4364.248
-47.0916614 141.0228466 4365.248
-47.0916613 141.0232512 4365.248
-47.0916552 141.0238267 4351.248
-47.0916551 141.0242762 4348.248
-47.0916552 141.0247168 4344.248
-47.0916613 141.0249055 4357.248
-47.0916614 141.0251753 4362.248
-47.0916674 141.0254720 4368.248
-47.0916674 141.0257327 4375.248
-47.0916736 141.0259845 4382.248
-47.0916736 141.0262272 4391.248
-47.0916735 141.0266497 4390.248
-47.0916798 141.0270004 4391.248
-47.0916736 141.0276479 4374.248
-47.0916736 141.0280614 4371.248
-47.0916798 141.0281603 4391.248
-47.0916858 141.0284031 4399.248
-47.0916920 141.0285739 4414.248
-47.0916920 141.0288616 4420.248
-47.0916981 141.0291224 4429.248
-47.0917042 141.0293742 4437.248
-47.0917042 141.0296528 4446.248
-47.0916981 141.0302822 4428.248
-47.0916981 141.0307498 4422.248
-47.0916982 141.0311364 4422.248
-47.0916981 141.0315859 4417.248
-47.0917042 141.0317838 4430.248
-47.0917104 141.0320985 4435.248
-47.0917104 141.0323682 4444.248
-47.0917165 141.0326109 4453.248
-47.0917287 141.0327638 4471.248
-47.0917289 141.0330515 4477.248
-47.0917287 141.0335819 4467.248
-47.0917227 141.0341034 4457.248
-47.0917288 141.0343642 4467.248
-47.0917349 141.0345890 4479.248
-47.0917350 141.0349576 4481.248
-47.0917411 141.0353082 4483.248
-47.0917411 141.0357039 4483.248
-47.0917472 141.0359286 4495.248
-47.0917226 141.0370974 4433.248
-47.0917227 141.0376190 4422.248
-47.0917287 141.0378347 4435.248
-47.0917349 141.0380775 4448.248
-47.0917411 141.0383022 4460.248
-47.0917533 141.0383203 4490.248
-47.0917717 141.0381495 4536.248
-47.0917656 141.0387608 4517.248
-47.0917656 141.0391654 4516.248
-47.0917656 141.0396959 4505.248
-47.0917656 141.0401725 4497.248
-47.0917779 141.0401544 4531.248
-47.0917902 141.0402623 4555.248
-47.0917963 141.0405231 4568.248
-47.0918024 141.0407838 4580.248
-47.0918086 141.0410445 4590.248
-47.0917840 141.0422404 4519.248
-47.0917840 141.0426180 4520.248
-47.0917840 141.0431036 4512.248
-47.0917901 141.0433373 4526.248
-47.0917902 141.0437689 4521.248
-47.0917902 141.0441734 4522.248
-47.0917963 141.0445062 4526.248
-47.0917963 141.0449376 4522.248
-47.0917962 141.0453782 4517.248
-47.0917963 141.0457469 4519.248
-47.0918024 141.0460976 4522.248
-47.0918086 141.0464572 4526.248
-47.0918086 141.0467719 4532.248
-47.0918147 141.0471404 4535.248
-47.0918208 141.0474103 4546.248
-47.0918270 141.0477339 4552.248
-47.0918270 141.0481566 4549.248
-47.0918966 141.0488218 4522.268
-47.0919028 141.0490735 4535.268
-47.0919150 141.0493433 4548.268
-47.0919151 141.0496760 4554.268
-47.0919028 141.0504312 4516.268
-47.0919028 141.0508447 4513.268
-47.0919151 141.0510696 4530.268
-47.0919089 141.0515551 4518.268
-47.0919150 141.0519417 4519.268
-47.0919151 141.0523103 4522.268
-47.0919212 141.0526610 4524.268
-47.0919212 141.0530206 4527.268
-47.0919273 141.0533712 4534.268
-47.0919334 141.0536949 4540.268
-47.0919335 141.0541175 4535.268
-47.0919335 141.0545311 4533.268
-47.0919397 141.0549356 4532.268
-47.0919397 141.0553493 4529.268
-47.0919396 141.0557358 4528.268
-47.0919396 141.0561945 4519.268
-47.0919396 141.0566080 4515.268
-47.0919457 141.0570037 4515.268
-47.0919519 141.0573273 4522.268
-47.0919580 141.0576600 4529.268
-47.0919580 141.0580825 4524.268
-47.0919580 141.0584781 4523.268
-47.0919519 141.0589817 4507.268
-47.0919703 141.0591705 4534.268
-47.0919764 141.0594312 4551.268
-47.0919825 141.0598179 4551.268
-47.0919887 141.0602045 4552.268
-47.0919641 141.0610137 4491.268
-47.0919641 141.0614362 4486.268
-47.0919703 141.0617780 4493.268
-47.0919642 141.0622364 4480.268
-47.0919887 141.0623804 4517.268
-47.0919887 141.0627490 4519.268
-47.0919826 141.0632884 4494.268
-47.0919826 141.0637111 4488.268
-47.0919826 141.0641246 4484.268
-47.0919887 141.0645113 4484.268
-47.0919948 141.0648709 4485.268
-47.0919949 141.0652934 4480.268
-47.0920010 141.0656532 4483.268
-47.0920009 141.0660307 4485.268
-47.0920133 141.0663543 4494.268
-47.0920194 141.0667050 4499.268
-47.0920255 141.0670556 4504.268
-47.0920255 141.0674513 4504.268
-47.0920255 141.0678918 4494.268
-47.0920377 141.0681976 4506.268
-47.0920377 141.0686021 4503.268
-47.0920561 141.0688449 4529.268
-47.0920439 141.0693934 4494.268
-47.0920439 141.0698339 4486.268
-47.0920500 141.0701666 4495.268
-47.0920562 141.0705353 4499.268
-47.0919418 141.0709938 4483.288
-47.0919418 141.0714163 4474.288
-47.0919480 141.0717758 4479.288
-47.0919542 141.0720996 4492.288
-47.0919664 141.0724322 4504.288
-47.0919725 141.0727829 4512.288
-47.0919787 141.0731425 4516.288
-47.0919849 141.0735381 4515.288
-47.0919787 141.0740147 4491.288
-47.0919848 141.0743743 4496.288
-47.0919971 141.0746711 4516.288
-47.0920032 141.0750577 4514.288
-47.0919971 141.0755432 4487.288
-47.0919910 141.0760018 4469.288
-47.0920032 141.0763525 4474.288
-47.0920032 141.0767480 4474.288
-47.0920094 141.0771166 4473.288
-47.0920155 141.0775122 4472.288
-47.0920400 141.0785912 4486.288
-47.0920401 141.0789688 4486.288
-47.0920584 141.0793104 4502.288
-47.0920646 141.0796701 4513.288
-47.0920707 141.0800567 4510.288
-47.0920769 141.0804253 4513.288
-47.0920891 141.0807670 4531.288
-47.0920953 141.0811537 4530.288
-47.0920891 141.0816122 4499.288
-47.0920952 141.0819807 4509.288
-47.0921076 141.0823225 4519.288
-47.0921076 141.0827360 4507.288
-47.0921259 141.0830688 4531.288
-47.0921321 141.0834553 4530.288
-47.0921321 141.0838509 4524.288
-47.0921444 141.0842376 4525.288
-47.0921504 141.0846062 4529.288
-47.0921566 141.0849838 4533.288
-47.0921628 141.0853704 4535.288
-47.0921690 141.0857570 4535.288
-47.0921750 141.0861347 4534.288
-47.0921812 141.0865304 4532.288
-47.0921934 141.0869079 4536.288
-47.0921996 141.0872855 4540.288
-47.0921996 141.0876811 4531.288
-47.0921995 141.0880678 4518.288
-47.0922118 141.0884544 4526.288
-47.0922180 141.0888320 4528.288
-47.0922241 141.0892186 4528.288
-47.0922363 141.0895873 4534.288
-47.0922486 141.0899740 4543.288
-47.0922547 141.0903694 4544.288
-47.0922609 141.0907471 4544.288
-47.0922670 141.0911338 4545.288
-47.0920266 141.0915203 4547.278
-47.0920327 141.0919070 4548.278
-47.0920511 141.0922846 4574.278
-47.0920572 141.0926802 4573.278
-47.0920634 141.0930758 4567.278
-47.0920695 141.0934534 4562.278
-47.0920696 141.0938400 4547.278
-47.0920819 141.0942177 4558.278
-47.0920880 141.0946133 4560.278
-47.0920941 141.0949909 4557.278
-47.0921002 141.0953866 4556.278
-47.0921248 141.0961598 4570.278
-47.0921309 141.0965554 4568.278
-47.0921370 141.0969330 4569.278
-47.0921494 141.0973196 4569.278
-47.0921555 141.0977152 4570.278
-47.0921616 141.0981018 4570.278
-47.0921739 141.0984885 4568.278
-47.0921800 141.0988751 4570.278
-47.0921861 141.0992617 4570.278
-47.0921985 141.0996663 4577.278
-47.0922107 141.1000709 4587.278
-47.0922107 141.1004215 4569.278
-47.0922229 141.1008172 4574.278
-47.0922291 141.1011947 4569.278
-47.0922413 141.1016083 4581.278
-47.0922352 141.1019410 4554.278
-47.0922536 141.1023456 4566.278
-47.0922721 141.1028042 4592.278
-47.0922843 141.1031998 4598.278
-47.0922966 141.1036134 4604.278
-47.0923088 141.1040180 4607.278
-47.0923149 141.1044045 4606.278
-47.0923211 141.1047733 4600.278
-47.0923272 141.1051508 4600.278
-47.0923334 141.1055196 4592.278
-47.0923395 141.1058971 4588.278
-47.0923457 141.1062657 4583.278
-47.0923518 141.1066434 4577.278
-47.0923580 141.1070209 4575.278
-47.0923764 141.1074705 4593.278
-47.0923886 141.1078841 4597.278
-47.0923886 141.1082258 4584.278
-47.0924008 141.1086304 4588.278
-47.0924132 141.1090261 4594.278
-47.0924377 141.1095385 4623.278
-47.0924438 141.1099072 4616.278
-47.0924500 141.1102578 4608.278
-47.0924561 141.1106264 4603.278
-47.0924683 141.1110760 4614.278
-47.0924806 141.1114896 4620.278
-47.0924928 141.1118671 4618.278
-47.0920490 141.1122000 4603.268
-47.0920612 141.1126226 4611.268
-47.0920674 141.1129912 4605.268
-47.0920734 141.1133597 4602.268
-47.0920857 141.1138274 4615.268
-47.0920980 141.1142679 4626.268
-47.0921103 141.1146546 4625.268
-47.0921165 141.1150142 4618.268
-47.0921103 141.1152480 4590.268
-47.0921164 141.1156076 4585.268
-47.0921225 141.1159852 4581.268
-47.0921349 141.1163628 4580.268
-47.0921471 141.1168574 4599.268
-47.0921593 141.1172439 4598.268
-47.0921656 141.1175857 4590.268
-47.0921594 141.1178284 4565.268
-47.0921900 141.1184667 4605.268
-47.0921839 141.1187005 4581.268
-47.0921840 141.1189793 4564.268
-47.0922023 141.1194737 4579.268
-47.0922146 141.1198693 4579.268
-47.0922146 141.1201482 4563.268
-47.0922085 141.1203818 4542.268
-47.0922207 141.1207955 4544.268
-47.0922330 141.1211731 4544.268
-47.0922391 141.1215597 4542.268
-47.0922513 141.1219912 4549.268
-47.0922575 141.1223509 4547.268
-47.0922637 141.1227105 4542.268
-47.0922699 141.1230701 4538.268
-47.0922943 141.1236097 4561.268
-47.0923189 141.1242211 4590.268
-47.0923004 141.1242121 4536.268
-47.0922943 141.1244369 4515.268
-47.0923066 141.1247966 4512.268
-47.0923189 141.1252460 4520.268
-47.0923189 141.1255337 4509.268
-47.0923251 141.1258305 4497.268
-47.0923557 141.1265947 4546.268
-47.0923496 141.1266666 4507.268
-47.0923496 141.1269364 4492.268
-47.0923557 141.1272870 4489.268
-47.0923557 141.1275477 4473.268
-47.0923741 141.1280513 4487.268
-47.0923925 141.1285457 4501.268
-47.0924109 141.1290673 4519.268
-47.0924170 141.1294448 4516.268
-47.0924355 141.1299214 4527.268
-47.0924232 141.1300204 4496.268
-47.0924294 141.1302901 4482.268
-47.0924294 141.1305597 4470.268
-47.0924478 141.1310903 4486.268
-47.0924478 141.1313420 4472.268
-47.0924539 141.1316836 4468.268
-47.0924661 141.1320613 4467.268
-47.0924661 141.1323491 4458.268
-47.0924723 141.1326727 4451.268
-47.0924784 141.1329694 4444.268
-47.0919853 141.1333650 4444.238
-47.0919914 141.1336977 4440.238
-47.0919976 141.1340663 4439.238
-47.0920037 141.1343901 4434.238
-47.0920160 141.1348486 4441.238
-47.0920282 141.1352533 4446.238
-47.0920344 141.1356129 4442.238
-47.0920406 141.1359365 4437.238
-47.0920467 141.1362692 4433.238
-47.0920528 141.1366378 4432.238
-47.0920589 141.1370514 4435.238
-47.0920712 141.1374110 4433.238
-47.0920774 141.1378606 4439.238
-47.0920835 141.1381843 4435.238
-47.0920958 141.1386339 4442.238
-47.0921019 141.1389755 4437.238
-47.0921080 141.1393261 4435.238
-47.0921080 141.1395510 4422.238
-47.0921142 141.1398386 4415.238
-47.0921264 141.1402253 4415.238
-47.0921326 141.1406209 4415.238
-47.0921386 141.1409985 4417.238
-47.0921449 141.1413401 4413.238
-47.0921571 141.1417538 4417.238
-47.0921633 141.1420775 4412.238
-47.0921633 141.1422572 4396.238
-47.0921632 141.1424281 4378.238
-47.0921755 141.1429585 4390.238
-47.0921817 141.1433362 4392.238
-47.0921817 141.1435249 4376.238
-47.0921939 141.1438937 4375.238
-47.0922061 141.1443612 4383.238
-47.0922123 141.1448287 4390.238
-47.0922184 141.1451524 4387.238
-47.0922308 141.1455479 4388.238
-47.0922368 141.1458717 4384.238
-47.0922492 141.1463572 4393.238
-47.0922736 141.1472293 4431.238
-47.0922737 141.1473462 4410.238
-47.0922798 141.1476969 4408.238
-47.0922860 141.1480115 4403.238
-47.0922860 141.1482723 4394.238
-47.0922982 141.1486140 4392.238
-47.0923043 141.1489557 4389.238
-47.0923105 141.1493512 4392.238
-47.0923167 141.1496389 4384.238
-47.0923228 141.1499716 4381.238
-47.0923289 141.1502953 4378.238
-47.0923351 141.1506190 4374.238
-47.0923411 141.1509156 4369.238
-47.0923473 141.1513113 4369.238
-47.0923534 141.1516619 4368.238
-47.0923657 141.1520755 4371.238
-47.0923719 141.1523993 4368.238
-47.0923780 141.1527858 4368.238
-47.0923841 141.1531635 4367.238
-47.0923902 141.1534332 4361.238
-47.0923964 141.1537749 4359.238
-47.0924025 141.1541345 4358.238
-47.0924148 141.1545841 4363.238
-47.0924271 141.1549887 4364.238
-47.0924332 141.1554382 4369.238
-47.0924455 141.1558787 4373.238
-47.0924761 141.1568048 4409.238
-47.0924639 141.1567418 4381.238
-47.0924761 141.1571735 4384.238
-47.0924822 141.1574792 4380.238
-47.0924885 141.1577670 4374.238
-47.0924946 141.1581265 4373.238
-47.0924945 141.1583513 4363.238
-47.0925068 141.1587829 4366.238
-47.0925130 141.1591604 4367.238
-47.0925252 141.1595651 4368.238
-47.0925375 141.1600417 4375.238
-47.0925437 141.1603293 4369.238
-47.0925559 141.1609138 4381.238
-47.0925682 141.1613723 4384.238
-47.0925805 141.1618309 4390.238
-47.0925866 141.1622715 4394.238
-47.0925927 141.1625141 4386.238
-47.0925989 141.1628379 4382.238
-47.0926050 141.1631347 4377.238
-47.0926050 141.1632694 4363.238
-47.0926111 141.1636650 4364.238
-47.0926173 141.1640337 4363.238
-47.0926172 141.1641236 4349.238
-47.0926418 141.1650137 4377.238
-47.0926418 141.1650946 4360.238
-47.0926541 141.1655262 4363.238
-47.0926603 141.1659848 4367.238
-47.0926663 141.1662365 4361.238
-47.0926786 141.1667490 4367.238
-47.0926847 141.1670907 4365.238
-47.0926787 141.1670457 4342.238
-47.0927093 141.1680438 4375.238
-47.0927093 141.1682685 4368.238
-47.0927277 141.1688349 4377.238
-47.0927338 141.1691587 4374.238
-47.0927400 141.1695632 4375.238
-47.0927522 141.1699498 4376.238
-47.0927706 141.1706062 4390.238
-47.0927707 141.1708400 4382.238
-47.0927706 141.1710288 4372.238
-47.0927829 141.1714693 4375.238
-47.0927890 141.1718649 4376.238
-47.0908541 141.0117574 4318.899
-47.0908479 141.0124138 4305.899
-47.0908541 141.0126205 4313.899
-47.0908541 141.0128453 4321.899
-47.0908603 141.0130971 4328.899
-47.0908603 141.0133578 4333.899
-47.0908664 141.0135647 4343.899
-47.0908664 141.0138253 4349.899
-47.0908664 141.0141311 4354.899
-47.0908726 141.0144278 4358.899
-47.0908725 141.0147244 4362.899
-47.0908725 141.0151112 4362.899
-47.0908726 141.0157315 4348.899
-47.0908664 141.0164058 4333.899
-47.0908725 141.0165496 4346.899
-47.0908664 141.0170622 4340.899
-47.0908725 141.0174128 4340.899
-47.0908725 141.0177005 4345.899
-47.0908787 141.0178624 4359.899
-47.0908726 141.0185188 4342.899
-47.0908726 141.0190133 4335.899
-47.0908726 141.0194178 4333.899
-47.0908725 141.0198943 4328.899
-47.0908725 141.0201552 4335.899
-47.0908848 141.0221421 4350.899
-47.0908910 141.0223849 4360.899
-47.0908848 141.0229423 4348.899
-47.0908848 141.0235718 4333.899
-47.0908848 141.0237875 4342.899
-47.0908848 141.0242191 4339.899
-47.0908909 141.0244438 4349.899
-47.0908971 141.0247047 4356.899
-47.0908971 141.0249834 4363.899
-47.0909032 141.0253160 4365.899
-47.0908970 141.0260173 4345.899
-47.0908971 141.0262600 4352.899
-47.0909032 141.0263680 4370.899
-47.0909094 141.0266197 4378.899
-47.0909155 141.0269255 4383.899
-47.0909155 141.0272131 4389.899
-47.0909216 141.0275009 4395.899
-47.0909216 141.0277885 4402.899
-47.0909216 141.0281842 4400.899
-47.0909216 141.0286157 4397.899
-47.0909277 141.0289844 4397.899
-47.0909339 141.0292181 4407.899
-47.0909339 141.0295599 4410.899
-47.0909339 141.0298654 4415.899
-47.0909462 141.0300273 4431.899
-47.0909401 141.0305219 4422.899
-47.0909400 141.0311063 4408.899
-47.0909401 141.0314210 4413.899
-47.0909461 141.0316547 4423.899
-47.0909523 141.0319784 4427.899
-47.0909523 141.0322661 4434.899
-47.0909585 141.0325628 4441.899
-47.0909585 141.0328685 4446.899
-47.0909585 141.0333900 4436.899
-47.0909645 141.0336238 4445.899
-47.0909707 141.0339474 4450.899
-47.0909707 141.0342982 4453.899
-47.0909769 141.0346038 4459.899
-47.0909830 141.0348735 4469.899
-47.0909829 141.0351612 4476.899
-47.0909891 141.0354400 4483.899
-47.0909952 141.0357277 4491.899
-47.0909953 141.0360424 4498.899
-47.0910075 141.0362312 4512.899
-47.0910014 141.0369324 4487.899
-47.0909952 141.0374719 4475.899
-47.0909952 141.0379575 4468.899
-47.0910014 141.0382992 4471.899
-47.0910014 141.0386137 4475.899
-47.0910075 141.0389015 4484.899
-47.0910075 141.0393691 4478.899
-47.0910075 141.0398726 4468.899
-47.0910198 141.0399534 4494.899
-47.0910260 141.0400973 4514.899
-47.0910321 141.0403401 4526.899
-47.0910382 141.0407088 4527.899
-47.0910320 141.0413022 4510.899
-47.0910382 141.0416168 4516.899
-47.0910443 141.0418506 4528.899
-47.0910566 141.0419944 4551.899
-47.0910505 141.0425429 4536.899
-47.0910566 141.0429296 4538.899
-47.0910566 141.0433701 4533.899
-47.0910566 141.0438017 4528.899
-47.0910566 141.0442062 4527.899
-47.0910627 141.0445658 4530.899
-47.0910689 141.0449255 4533.899
-47.0910688 141.0452852 4535.899
-47.0910750 141.0455550 4546.899
-47.0910872 141.0458157 4558.899
-47.0910873 141.0461664 4563.899
-47.0910750 141.0469845 4519.899
-47.0910750 141.0474701 4510.899
-47.0910812 141.0477487 4520.899
-47.0910933 141.0480185 4533.899
-47.0910996 141.0482792 4545.899
-47.0912304 141.0485400 4558.889
-47.0912366 141.0488277 4568.889
-47.0912427 141.0491154 4579.889
-47.0912489 141.0494121 4590.889
-47.0912243 141.0504821 4517.889
-47.0912304 141.0507608 4528.889
-47.0912366 141.0510575 4537.889
-47.0912427 141.0514531 4536.889
-47.0912305 141.0520734 4510.889
-47.0912427 141.0523522 4523.889
-47.0912428 141.0527837 4516.889
-47.0912489 141.0531434 4520.889
-47.0912488 141.0534941 4525.889
-47.0912550 141.0538267 4531.889
-47.0912612 141.0541863 4533.889
-47.0912612 141.0546449 4527.889
-47.0912734 141.0548248 4550.889
-47.0912857 141.0550316 4573.889
-47.0912919 141.0554002 4575.889
-47.0912980 141.0558048 4573.889
-47.0912918 141.0562813 4561.889
-47.0912857 141.0569017 4533.889
-47.0913041 141.0569916 4569.889
-47.0912856 141.0577648 4520.889
-47.0912857 141.0582953 4500.889
-47.0912857 141.0586819 4500.889
-47.0912919 141.0590146 4506.889
-47.0912979 141.0593562 4512.889
-47.0913041 141.0597069 4516.889
-47.0913041 141.0601834 4504.889
-47.0913225 141.0603094 4541.889
-47.0913164 141.0608668 4516.889
-47.0913164 141.0613163 4507.889
-47.0913225 141.0616850 4510.889
-47.0913287 141.0620536 4511.889
-47.0913348 141.0624402 4511.889
-47.0913348 141.0628358 4507.889
-47.0913409 141.0632584 4502.889
-47.0913409 141.0636541 4500.889
-47.0913471 141.0640406 4500.889
-47.0913593 141.0643372 4513.889
-47.0913655 141.0646880 4517.889
-47.0913654 141.0651645 4503.889
-47.0913532 141.0657039 4476.889
-47.0913532 141.0661446 4465.889
-47.0913655 141.0664592 4477.889
-47.0913716 141.0667920 4485.889
-47.0913838 141.0670976 4499.889
-47.0913961 141.0674392 4506.889
-47.0913961 141.0678978 4493.889
-47.0913900 141.0683474 4479.889
-47.0914022 141.0686891 4487.889
-47.0914084 141.0690037 4499.889
-47.0914207 141.0693723 4502.889
-47.0914206 141.0697859 4496.889
-47.0914207 141.0701996 4489.889
-47.0914329 141.0705592 4494.889
-47.0913245 141.0708109 4522.889
-47.0913245 141.0712694 4506.889
-47.0913368 141.0715302 4532.889
-47.0913368 141.0719977 4514.889
-47.0913491 141.0723484 4522.889
-47.0913552 141.0726900 4533.889
-47.0913552 141.0731576 4510.889
-47.0913552 141.0736071 4494.889
-47.0913613 141.0739938 4493.889
-47.0913675 141.0743894 4489.889
-47.0913674 141.0747760 4487.889
-47.0913798 141.0751446 4489.889
-47.0913858 141.0754953 4497.889
-47.0913981 141.0758819 4499.889
-47.0914227 141.0761067 4542.889
-47.0914288 141.0764753 4550.889
-47.0914227 141.0769698 4514.889
-47.0914166 141.0774463 4484.889
-47.0914227 141.0778240 4483.889
-47.0914289 141.0782286 4477.889
-47.0914349 141.0785791 4485.889
-47.0914473 141.0789568 4488.889
-47.0914595 141.0792806 4506.889
-47.0914779 141.0796402 4520.889
-47.0914840 141.0800088 4521.889
-47.0914902 141.0803864 4522.889
-47.0914963 141.0807910 4515.889
-47.0914963 141.0811957 4505.889
-47.0915086 141.0815823 4506.889
-47.0915147 141.0819509 4511.889
-47.0915270 141.0823195 4516.889
-47.0915270 141.0827242 4505.889
-47.0915453 141.0830657 4526.889
-47.0915577 141.0834434 4532.889
-47.0915699 141.0838211 4535.889
-47.0915761 141.0841987 4537.889
-47.0915884 141.0845763 4537.889
-47.0915884 141.0849808 4522.889
-47.0915945 141.0853765 4518.889
-47.0916067 141.0857541 4524.889
-47.0916129 141.0861228 4529.889
-47.0916252 141.0865093 4534.889
-47.0916374 141.0868870 4538.889
-47.0916497 141.0872646 4540.889
-47.0916559 141.0876602 4539.889
-47.0916619 141.0880379 4539.889
-47.0916743 141.0884244 4540.889
-47.0916803 141.0888021 4540.889
-47.0916927 141.0891977 4538.889
-47.0916988 141.0895753 4532.889
-47.0916988 141.0899710 4517.889
-47.0917233 141.0903486 4543.889
-47.0917233 141.0907262 4522.889
-47.0917417 141.0911128 4547.889
-47.0914769 141.0915084 4539.889
-47.0914831 141.0918950 4541.889
-47.0914953 141.0922726 4545.889
-47.0915015 141.0926593 4533.889
-47.0915137 141.0930459 4538.889
-47.0915198 141.0934235 4533.889
-47.0915382 141.0938281 4552.889
-47.0915505 141.0942057 4559.889
-47.0915628 141.0946014 4558.889
-47.0915689 141.0949790 4556.889
-47.0915812 141.0953656 4552.889
-47.0915812 141.0957342 4539.889
-47.0915996 141.0961208 4544.889
-47.0916180 141.0965344 4563.889
-47.0916303 141.0969301 4570.889
-47.0916610 141.0973706 4614.889
-47.0916671 141.0977482 4601.889
-47.0916610 141.0980809 4566.889
-47.0916732 141.0984765 4567.889
-47.0916916 141.0988991 4588.889
-47.0916978 141.0992767 4583.889
-47.0917100 141.0996633 4581.889
-47.0917285 141.1000859 4599.889
-47.0917345 141.1004365 4581.889
-47.0917407 141.1008232 4581.889
-47.0917529 141.1012188 4585.889
-47.0917591 141.1015874 4573.889
-47.0917714 141.1019561 4567.889
-47.0917836 141.1023786 4579.889
-47.0918021 141.1027743 4584.889
-47.0918082 141.1031519 4584.889
-47.0918204 141.1035564 4585.889
-47.0918388 141.1039701 4594.889
-47.0918511 141.1043656 4597.889
-47.0918573 141.1047073 4580.889
-47.0918696 141.1050940 4581.889
-47.0918941 141.1055794 4612.889
-47.0919064 141.1059840 4614.889
-47.0919064 141.1062897 4591.889
-47.0919187 141.1066854 4590.889
-47.0919248 141.1070270 4578.889
-47.0919309 141.1073957 4571.889
-47.0919493 141.1078182 4580.889
-47.0919677 141.1082408 4590.889
-47.0919738 141.1085915 4579.889
-47.0919922 141.1090051 4587.889
-47.0920229 141.1095446 4623.889
-47.0920352 141.1099312 4621.889
-47.0920352 141.1102458 4604.889
-47.0920536 141.1106594 4609.889
-47.0920843 141.1111989 4642.889
-47.0920965 141.1115855 4639.889
-47.0920843 141.1117833 4597.889
-47.0915914 141.1122598 4614.899
-47.0915915 141.1125834 4601.899
-47.0916099 141.1129971 4605.899
-47.0916221 141.1134197 4613.899
-47.0916466 141.1139591 4641.899
-47.0916650 141.1143998 4649.899
-47.0916712 141.1147144 4634.899
-47.0916774 141.1150741 4628.899
-47.0916834 141.1154157 4620.899
-47.0916835 141.1156674 4593.899
-47.0916896 141.1160181 4584.899
-47.0917019 141.1163868 4582.899
-47.0917141 141.1167824 4583.899
-47.0917387 141.1172768 4601.899
-47.0917387 141.1175556 4582.899
-47.0917509 141.1179242 4577.899
-47.0917632 141.1183468 4582.899
-47.0917694 141.1186975 4577.899
-47.0917816 141.1190481 4571.899
-47.0917878 141.1193898 4562.899
-47.0917877 141.1196415 4542.899
-47.0918062 141.1200821 4550.899
-47.0918122 141.1203879 4539.899
-47.0918245 141.1207385 4533.899
-47.0918429 141.1212150 4547.899
-47.0918552 141.1216016 4545.899
-47.0918614 141.1219073 4533.899
-47.0918614 141.1222040 4521.899
-47.0918859 141.1226896 4536.899
-47.0918860 141.1229593 4518.899
-47.0918982 141.1233099 4515.899
-47.0919105 141.1236875 4512.899
-47.0919228 141.1240651 4512.899
-47.0919350 141.1244517 4512.899
-47.0919473 141.1248294 4512.899
-47.0919534 141.1251980 4509.899
-47.0919718 141.1256476 4519.899
-47.0919780 141.1258993 4501.899
-47.0919780 141.1261331 4482.899
-47.0920025 141.1267176 4508.899
-47.0920086 141.1269783 4492.899
-47.0920209 141.1273379 4489.899
-47.0920147 141.1274908 4462.899
-47.0920393 141.1280573 4482.899
-47.0920516 141.1283808 4477.899
-47.0920577 141.1286956 4468.899
-47.0920700 141.1290462 4464.899
-47.0921313 141.1309703 4467.899
-47.0921375 141.1312760 4458.899
-47.0921497 141.1316176 4455.899
-47.0921621 141.1319773 4453.899
-47.0921743 141.1323729 4453.899
-47.0921927 141.1328405 4462.899
-47.0922049 141.1332361 4464.899
-47.0915832 141.1336136 4464.899
-47.0915955 141.1339733 4462.899
-47.0916016 141.1342970 4457.899
-47.0915954 141.1343599 4425.899
-47.0916323 141.1352770 4478.899
-47.0916323 141.1353490 4448.899
-47.0916384 141.1356906 4444.899
-47.0916446 141.1359693 4434.899
-47.0916507 141.1362840 4429.899
-47.0916630 141.1366527 4428.899
-47.0916752 141.1370123 4425.899
-47.0916875 141.1373989 4426.899
-47.0916936 141.1377765 4425.899
-47.0916998 141.1380463 4416.899
-47.0917120 141.1383609 4411.899
-47.0917182 141.1386847 4405.899
-47.0917182 141.1388195 4383.899
-47.0917428 141.1395298 4413.899
-47.0917550 141.1399614 4418.899
-47.0917672 141.1403750 4421.899
-47.0917795 141.1407256 4418.899
-47.0917856 141.1410494 4413.899
-47.0917918 141.1413461 4407.899
-47.0918041 141.1416696 4403.899
-47.0918102 141.1419754 4397.899
-47.0918164 141.1423081 4393.899
-47.0918286 141.1426857 4392.899
-47.0918409 141.1431082 4395.899
-47.0918531 141.1435309 4400.899
-47.0918593 141.1438095 4392.899
-47.0918716 141.1441153 4385.899
-47.0918777 141.1444389 4381.899
-47.0918900 141.1447896 4379.899
-47.0918961 141.1450684 4372.899
-47.0919206 141.1458145 4401.899
-47.0919329 141.1462012 4400.899
-47.0919452 141.1465878 4402.899
-47.0919513 141.1468126 4391.899
-47.0919574 141.1471184 4384.899
-47.0919636 141.1473970 4377.899
-47.0919698 141.1477117 4372.899
-47.0919820 141.1480174 4366.899
-47.0920004 141.1486558 4386.899
-47.0920188 141.1492221 4400.899
-47.0920372 141.1496537 4405.899
-47.0920434 141.1499865 4400.899
-47.0920557 141.1504091 4405.899
-47.0920618 141.1506159 4392.899
-47.0920679 141.1509036 4385.899
-47.0920741 141.1511822 4378.899
-47.0920802 141.1514880 4373.899
-47.0920924 141.1517938 4369.899
-47.0920986 141.1521533 4367.899
-47.0921109 141.1525129 4366.899
-47.0921231 141.1528725 4364.899
-47.0921293 141.1532232 4362.899
-47.0921416 141.1535649 4360.899
-47.0921538 141.1540504 4367.899
-47.0921661 141.1544011 4366.899
-47.0921783 141.1547966 4366.899
-47.0922029 141.1554709 4385.899
-47.0922091 141.1556868 4376.899
-47.0922151 141.1560734 4376.899
-47.0922213 141.1562982 4366.899
-47.0922458 141.1569455 4384.899
-47.0922581 141.1573231 4384.899
-47.0922703 141.1578087 4391.899
-47.0922826 141.1581233 4387.899
-47.0923133 141.1590045 4418.899
-47.0923133 141.1591035 4400.899
-47.0923379 141.1598047 4419.899
-47.0923379 141.1599216 4404.899
-47.0923440 141.1601644 4394.899
-47.0923501 141.1604431 4388.899
-47.0923563 141.1606949 4381.899
-47.0923624 141.1610185 4376.899
-47.0923746 141.1613602 4374.899
-47.0923869 141.1617648 4376.899
-47.0923992 141.1621424 4376.899
-47.0924115 141.1625290 4377.899
-47.0924237 141.1629696 4379.899
-47.0924299 141.1632932 4376.899
-47.0924422 141.1636530 4376.899
-47.0924545 141.1640125 4374.899
-47.0924606 141.1643003 4369.899
-47.0924728 141.1646780 4369.899
-47.0924851 141.1651544 4376.899
-47.0925097 141.1658467 4393.899
-47.0925097 141.1659456 4377.899
-47.0925220 141.1662783 4373.899
-47.0925219 141.1664401 4362.899
-47.0925464 141.1671325 4379.899
-47.0925465 141.1672134 4361.899
-47.0925833 141.1682383 4397.899
-47.0925894 141.1684452 4387.899
-47.0925894 141.1686430 4378.899
-47.0925833 141.1685351 4352.899
-47.0925833 141.1686519 4337.899
-47.0925894 141.1688677 4328.899
-47.0926140 141.1696770 4332.899
-47.0926323 141.1701894 4338.899
-47.0926508 141.1708188 4351.899
-47.0926753 141.1714482 4366.899
-47.0926814 141.1717629 4361.899
-47.0900618 141.0111287 4349.663
-47.0900679 141.0115693 4347.663
-47.0900618 141.0121717 4333.663
-47.0900740 141.0123335 4345.663
-47.0900740 141.0127111 4346.663
-47.0900741 141.0133855 4331.663
-47.0900802 141.0136282 4338.663
-47.0900864 141.0139878 4339.663
-47.0900925 141.0142217 4348.663
-47.0900924 141.0145183 4351.663
-47.0900986 141.0148599 4353.663
-47.0901048 141.0153095 4350.663
-47.0901109 141.0155254 4358.663
-47.0901109 141.0160018 4354.663
-47.0901109 141.0165413 4346.663
-47.0901170 141.0167301 4357.663
-47.0901232 141.0171168 4356.663
-47.0901293 141.0174763 4358.663
-47.0901293 141.0178180 4359.663
-47.0901354 141.0182497 4356.663
-47.0901354 141.0186003 4357.663
-47.0901355 141.0193106 4338.663
-47.0901355 141.0199760 4322.663
-47.0901415 141.0202096 4330.663
-47.0901477 141.0205604 4332.663
-47.0901539 141.0208751 4337.663
-47.0901599 141.0210729 4345.663
-47.0901599 141.0214594 4345.663
-47.0901661 141.0218731 4342.663
-47.0901784 141.0218820 4365.663
-47.0901661 141.0230689 4319.663
-47.0901784 141.0252088 4301.663
-47.0901906 141.0253975 4313.663
-47.0902029 141.0252896 4344.663
-47.0902214 141.0248941 4390.663
-47.0902274 141.0251997 4397.663
-47.0902336 141.0254335 4406.663
-47.0902275 141.0263327 4371.663
-47.0902275 141.0268631 4362.663
-47.0902336 141.0271599 4368.663
-47.0902398 141.0274746 4371.663
-47.0902459 141.0276634 4384.663
-47.0902520 141.0279151 4392.663
-47.0902643 141.0281669 4402.663
-47.0902704 141.0284186 4410.663
-47.0902766 141.0286344 4420.663
-47.0902827 141.0289130 4428.663
-47.0902950 141.0289671 4450.663
-47.0902949 141.0296413 4430.663
-47.0902888 141.0304235 4404.663
-47.0902950 141.0306123 4414.663
-47.0902950 141.0312327 4399.663
-47.0903073 141.0314755 4409.663
-47.0903072 141.0318352 4412.663
-47.0903195 141.0321049 4419.663
-47.0903563 141.0334536 4459.663
-47.0903563 141.0339301 4452.663
-47.0903624 141.0342717 4455.663
-47.0903563 141.0351530 4418.663
-47.0903563 141.0357552 4402.663
-47.0903625 141.0359981 4411.663
-47.0903687 141.0362588 4421.663
-47.0903809 141.0365195 4430.663
-47.0903870 141.0366724 4448.663
-47.0904054 141.0366274 4481.663
-47.0904176 141.0366814 4507.663
-47.0904238 141.0371849 4497.663
-47.0904238 141.0377154 4489.663
-47.0904300 141.0380660 4490.663
-47.0904360 141.0384257 4491.663
-47.0904422 141.0387584 4496.663
-47.0904483 141.0391899 4492.663
-47.0904484 141.0396304 4489.663
-47.0904606 141.0397474 4512.663
-47.0904729 141.0399001 4531.663
-47.0904851 141.0401789 4540.663
-47.0904913 141.0404576 4548.663
-47.0904975 141.0407634 4556.663
-47.0904974 141.0413748 4539.663
-47.0904913 141.0421750 4502.663
-47.0904975 141.0424717 4509.663
-47.0905097 141.0427683 4516.663
-47.0905159 141.0431101 4523.663
-47.0905219 141.0434156 4529.663
-47.0905342 141.0436854 4540.663
-47.0905465 141.0439372 4553.663
-47.0905466 141.0444317 4542.663
-47.0905527 141.0448452 4541.663
-47.0905527 141.0452949 4535.663
-47.0905526 141.0458973 4514.663
-47.0905650 141.0461130 4532.663
-47.0905710 141.0464906 4533.663
-47.0905710 141.0471110 4509.663
-47.0905772 141.0475246 4506.663
-47.0905895 141.0476595 4532.663
-47.0905956 141.0480191 4536.663
-47.0906140 141.0481899 4556.663
-47.0905546 141.0485231 4563.673
-47.0905669 141.0487838 4576.673
-47.0905731 141.0492155 4571.673
-47.0905608 141.0501235 4518.673
-47.0905669 141.0504922 4520.673
-47.0905730 141.0508967 4520.673
-47.0905668 141.0514632 4498.673
-47.0905792 141.0518319 4499.673
-47.0905852 141.0521375 4508.673
-47.0905976 141.0524342 4519.673
-47.0906160 141.0525781 4545.673
-47.0906160 141.0531086 4529.673
-47.0906221 141.0535042 4529.673
-47.0906283 141.0538638 4532.673
-47.0906343 141.0542325 4534.673
-47.0906467 141.0546011 4535.673
-47.0906528 141.0549517 4541.673
-47.0906590 141.0553742 4537.673
-47.0906650 141.0557609 4536.673
-47.0906712 141.0561206 4539.673
-47.0906834 141.0565162 4539.673
-47.0906896 141.0569028 4539.673
-47.0906957 141.0572086 4547.673
-47.0907080 141.0575951 4548.673
-47.0907142 141.0579998 4545.673
-47.0907141 141.0584582 4536.673
-47.0907141 141.0589887 4516.673
-47.0907264 141.0592944 4527.673
-47.0907387 141.0596001 4537.673
-47.0907448 141.0600226 4534.673
-47.0907387 141.0606610 4498.673
-47.0907448 141.0610297 4498.673
-47.0907509 141.0614522 4493.673
-47.0907510 141.0619468 4479.673
-47.0907633 141.0622614 4486.673
-47.0907755 141.0625763 4497.673
-47.0907816 141.0629179 4501.673
-47.0908000 141.0632325 4512.673
-47.0908123 141.0635292 4526.673
-47.0908122 141.0640147 4511.673
-47.0908246 141.0643744 4515.673
-47.0908307 141.0647250 4519.673
-47.0908368 141.0651386 4515.673
-47.0908430 141.0656151 4500.673
-47.0908491 141.0660107 4498.673
-47.0908552 141.0663525 4503.673
-47.0908676 141.0667030 4509.673
-47.0908797 141.0670628 4513.673
-47.0908860 141.0674404 4515.673
-47.0908921 141.0678809 4505.673
-47.0908921 141.0683395 4489.673
-47.0909166 141.0685463 4522.673
-47.0909350 141.0688609 4537.673
-47.0909350 141.0693195 4520.673
-47.0909350 141.0698230 4499.673
-47.0909412 141.0701647 4504.673
-47.0909596 141.0704973 4518.673
-47.0906670 141.0708934 4517.693
-47.0906793 141.0712800 4514.693
-47.0906793 141.0717476 4495.693
-47.0906915 141.0721432 4494.693
-47.0907038 141.0724758 4506.693
-47.0907161 141.0728355 4510.693
-47.0907345 141.0731052 4535.693
-47.0907468 141.0734919 4537.693
-47.0907529 141.0739323 4525.693
-47.0907591 141.0743279 4518.693
-47.0907652 141.0747145 4517.693
-47.0907836 141.0750383 4532.693
-47.0907835 141.0755238 4507.693
-47.0907959 141.0758925 4511.693
-47.0908020 141.0762881 4507.693
-47.0908081 141.0766927 4499.693
-47.0908266 141.0770343 4510.693
-47.0908326 141.0774209 4509.693
-47.0908388 141.0778615 4490.693
-47.0908511 141.0782122 4497.693
-47.0908695 141.0785268 4521.693
-47.0908695 141.0789854 4496.693
-47.0908756 141.0793810 4489.693
-47.0908879 141.0797586 4493.693
-47.0909063 141.0800912 4510.693
-47.0909247 141.0804329 4525.693
-47.0909370 141.0808285 4520.693
-47.0909431 141.0812241 4515.693
-47.0909554 141.0816198 4511.693
-47.0909676 141.0819794 4520.693
-47.0909799 141.0823570 4521.693
-47.0909861 141.0827526 4515.693
-47.0909983 141.0831392 4509.693
-47.0910106 141.0835168 4513.693
-47.0910229 141.0839035 4516.693
-47.0910352 141.0842812 4520.693
-47.0910474 141.0846407 4526.693
-47.0910658 141.0850184 4533.693
-47.0910781 141.0853960 4540.693
-47.0910843 141.0858006 4524.693
-47.0910965 141.0861783 4523.693
-47.0911149 141.0865648 4536.693
-47.0911211 141.0869335 4533.693
-47.0911333 141.0873201 4533.693
-47.0911517 141.0877066 4540.693
-47.0911579 141.0880933 4528.693
-47.0911579 141.0884890 4514.693
-47.0911763 141.0888576 4527.693
-47.0911946 141.0892351 4535.693
-47.0912131 141.0896218 4541.693
-47.0912254 141.0900085 4547.693
-47.0912437 141.0903860 4553.693
-47.0912560 141.0907726 4554.693
-47.0912622 141.0911592 4546.693
-47.0909176 141.0915458 4574.683
-47.0909237 141.0919413 4571.683
-47.0909361 141.0923190 4569.683
-47.0909483 141.0927145 4570.683
-47.0909667 141.0931012 4570.683
-47.0909728 141.0934787 4561.683
-47.0909850 141.0938745 4555.683
-47.0909912 141.0942430 4548.683
-47.0910096 141.0946387 4555.683
-47.0910219 141.0950163 4558.683
-47.0910342 141.0954119 4558.683
-47.0910526 141.0957986 4561.683
-47.0910649 141.0961852 4565.683
-47.0910771 141.0965807 4568.683
-47.0911016 141.0969944 4584.683
-47.0911200 141.0973809 4593.683
-47.0911201 141.0977406 4568.683
-47.0911324 141.0981273 4570.683
-47.0911446 141.0985228 4571.683
-47.0911569 141.0989004 4565.683
-47.0911692 141.0992691 4558.683
-47.0911937 141.0997096 4588.683
-47.0912059 141.1000963 4584.683
-47.0912122 141.1004379 4562.683
-47.0912244 141.1008335 4567.683
-47.0912367 141.1012112 4565.683
-47.0912673 141.1016697 4593.683
-47.0912857 141.1020743 4599.683
-47.0912981 141.1024519 4594.683
-47.0913041 141.1028295 4588.683
-47.0913164 141.1031982 4583.683
-47.0913348 141.1036028 4589.683
-47.0913532 141.1040253 4598.683
-47.0913716 141.1044210 4601.683
-47.0913900 141.1048435 4614.683
-47.0913778 141.1050862 4569.683
-47.0913962 141.1054909 4572.683
-47.0914146 141.1059045 4579.683
-47.0914392 141.1063721 4604.683
-47.0914576 141.1067947 4611.683
-47.0914637 141.1071183 4593.683
-47.0914882 141.1075678 4607.683
-47.0915005 141.1079275 4602.683
-47.0915066 141.1083052 4596.683
-47.0915250 141.1087188 4601.683
-47.0915495 141.1091413 4613.683
-47.0915618 141.1095369 4614.683
-47.0915741 141.1099146 4608.683
-47.0915864 141.1102652 4600.683
-47.0915925 141.1106069 4590.683
-47.0916109 141.1110115 4592.683
-47.0916293 141.1114341 4599.683
-47.0916415 141.1118297 4599.683
-47.0910690 141.1121978 4596.663
-47.0910936 141.1126923 4618.663
-47.0911181 141.1131688 4636.663
-47.0911181 141.1134296 4610.663
-47.0911243 141.1137262 4589.663
-47.0911365 141.1141038 4587.663
-47.0911550 141.1145443 4597.663
-47.0911856 141.1151288 4634.663
-47.0911978 141.1155064 4633.663
-47.0912102 141.1158392 4622.663
-47.0912162 141.1161988 4613.663
-47.0912286 141.1165495 4607.663
-47.0912408 141.1168821 4600.663
-47.0912469 141.1172417 4593.663
-47.0912531 141.1175115 4571.663
-47.0912715 141.1179610 4582.663
-47.0912777 141.1182487 4565.663
-47.0912837 141.1185634 4553.663
-47.0912899 141.1188781 4542.663
-47.0913144 141.1193636 4557.663
-47.0913390 141.1198672 4574.663
-47.0913513 141.1202897 4579.663
-47.0913574 141.1205684 4564.663
-47.0913574 141.1207662 4535.663
-47.0913635 141.1210719 4523.663
-47.0913819 141.1214945 4526.663
-47.0913942 141.1218901 4530.663
-47.0914065 141.1222137 4521.663
-47.0914310 141.1227084 4536.663
-47.0914433 141.1230679 4531.663
-47.0914556 141.1234636 4535.663
-47.0914740 141.1239041 4540.663
-47.0914617 141.1239401 4496.663
-47.0914801 141.1244076 4506.663
-47.0914924 141.1247583 4501.663
-47.0914985 141.1250190 4484.663
-47.0915353 141.1256754 4521.663
-47.0915476 141.1261069 4527.663
-47.0915599 141.1264036 4515.663
-47.0915660 141.1266823 4503.663
-47.0915722 141.1269611 4490.663
-47.0915782 141.1272219 4475.663
-47.0915782 141.1274825 4460.663
-47.0915844 141.1277524 4446.663
-47.0915967 141.1280490 4437.663
-47.0916089 141.1284536 4440.663
-47.0916458 141.1291279 4474.663
-47.0916580 141.1295326 4476.663
-47.0916826 141.1300000 4487.663
-47.0916948 141.1303508 4484.663
-47.0917071 141.1307553 4485.663
-47.0917255 141.1312139 4494.663
-47.0917378 141.1315196 4486.663
-47.0917562 141.1319601 4492.663
-47.0917623 141.1322569 4484.663
-47.0917746 141.1325626 4474.663
-47.0917869 141.1329221 4471.663
-47.0917930 141.1332279 4464.663
-47.0911836 141.1334252 4446.653
-47.0911960 141.1337670 4443.653
-47.0912021 141.1340546 4434.653
-47.0912020 141.1342345 4415.653
-47.0912388 141.1350077 4454.653
-47.0912450 141.1353494 4450.653
-47.0912634 141.1357630 4453.653
-47.0912757 141.1361406 4454.653
-47.0912757 141.1363833 4441.653
-47.0912880 141.1367340 4438.653
-47.0912941 141.1369947 4426.653
-47.0913064 141.1373094 4420.653
-47.0913125 141.1376331 4415.653
-47.0913186 141.1379207 4407.653
-47.0913308 141.1381995 4399.653
-47.0913493 141.1387120 4410.653
-47.0913615 141.1391076 4412.653
-47.0913738 141.1395571 4419.653
-47.0913861 141.1399168 4419.653
-47.0913984 141.1402764 4416.653
-47.0914106 141.1406091 4412.653
-47.0914168 141.1409418 4409.653
-47.0914290 141.1412655 4404.653
-47.0914414 141.1416071 4401.653
-47.0914474 141.1419398 4398.653
-47.0914597 141.1422994 4397.653
-47.0914720 141.1426950 4399.653
-47.0914904 141.1431266 4402.653
-47.0915027 141.1435312 4404.653
-47.0915150 141.1439358 4406.653
-47.0915333 141.1444034 4413.653
-47.0915456 141.1447810 4414.653
-47.0915517 141.1451406 4412.653
-47.0915702 141.1455632 4417.653
-47.0915763 141.1458689 4410.653
-47.0915825 141.1461387 4401.653
-47.0915947 141.1464623 4398.653
-47.0916070 141.1467859 4394.653
-47.0916131 141.1471277 4391.653
-47.0916192 141.1473345 4378.653
-47.0916500 141.1481347 4410.653
-47.0916560 141.1484134 4402.653
-47.0916745 141.1488449 4408.653
-47.0916806 141.1491507 4401.653
-47.0916929 141.1494833 4399.653
-47.0917051 141.1498250 4396.653
-47.0917175 141.1502027 4395.653
-47.0917235 141.1504544 4386.653
-47.0917297 141.1507241 4380.653
-47.0917419 141.1511557 4383.653
-47.0917542 141.1515513 4384.653
-47.0917666 141.1519468 4388.653
-47.0917849 141.1523874 4391.653
-47.0917972 141.1527560 4391.653
-47.0918095 141.1531427 4391.653
-47.0918217 141.1535474 4393.653
-47.0918340 141.1538889 4390.653
-47.0918401 141.1542036 4386.653
-47.0918524 141.1545093 4381.653
-47.0918585 141.1548420 4378.653
-47.0918708 141.1551297 4372.653
-47.0918769 141.1554535 4369.653
-47.0918892 141.1558670 4370.653
-47.0919015 141.1561457 4365.653
-47.0919199 141.1566672 4375.653
-47.0919321 141.1570629 4376.653
-47.0919383 141.1573775 4373.653
-47.0919505 141.1577461 4373.653
-47.0919629 141.1580878 4369.653
-47.0919751 141.1584384 4367.653
-47.0919874 141.1588610 4370.653
-47.0919996 141.1592566 4372.653
-47.0920180 141.1596792 4373.653
-47.0920304 141.1601737 4382.653
-47.0920426 141.1605154 4379.653
-47.0920549 141.1608840 4378.653
-47.0920733 141.1613426 4383.653
-47.0920855 141.1618101 4388.653
-47.0920978 141.1622057 4390.653
-47.0921101 141.1625204 4387.653
-47.0921162 141.1627542 4378.653
-47.0921224 141.1630599 4373.653
-47.0921286 141.1633206 4367.653
-47.0921408 141.1636353 4362.653
-47.0921408 141.1637612 4348.653
-47.0921530 141.1641118 4347.653
-47.0921837 141.1649210 4373.653
-47.0921960 141.1653526 4375.653
-47.0922021 141.1655594 4365.653
-47.0922144 141.1658741 4361.653
-47.0922266 141.1662697 4363.653
-47.0922267 141.1664405 4351.653
-47.0922512 141.1669889 4360.653
-47.0922635 141.1673755 4362.653
-47.0922696 141.1676902 4358.653
-47.0922758 141.1679151 4350.653
-47.0923003 141.1685445 4363.653
-47.0923126 141.1689400 4363.653
-47.0923249 141.1692907 4362.653
-47.0923371 141.1697672 4368.653
-47.0923556 141.1701988 4370.653
-47.0923678 141.1706214 4373.653
-47.0923801 141.1709450 4369.653
-47.0923923 141.1713047 4369.653
-47.0924046 141.1717184 4371.653
-47.0893279 141.0111404 4341.518
-47.0893341 141.0114999 4342.518
-47.0893280 141.0121743 4326.518
-47.0893341 141.0123990 4334.518
-47.0893341 141.0127227 4338.518
-47.0893342 141.0132442 4330.518
-47.0893403 141.0136308 4330.518
-47.0893403 141.0140175 4329.518
-47.0893402 141.0146018 4320.518
-47.0893464 141.0147996 4328.518
-47.0893464 141.0151503 4330.518
-47.0893525 141.0153750 4339.518
-47.0893525 141.0157618 4338.518
-47.0893525 141.0161663 4336.518
-47.0893587 141.0163191 4349.518
-47.0893587 141.0169665 4335.518
-47.0893587 141.0173531 4335.518
-47.0893648 141.0178746 4327.518
-47.0893648 141.0180724 4337.518
-47.0893709 141.0184051 4339.518
-47.0893709 141.0186299 4348.518
-47.0893771 141.0189446 4351.518
-47.0893832 141.0192592 4356.518
-47.0893832 141.0196099 4357.518
-47.0893893 141.0198796 4364.518
-47.0893893 141.0202123 4367.518
-47.0893955 141.0204640 4373.518
-47.0893955 141.0207877 4377.518
-47.0893955 141.0216059 4351.518
-47.0894016 141.0216149 4373.518
-47.0894016 141.0222443 4359.518
-47.0894077 141.0224061 4373.518
-47.0894078 141.0227029 4377.518
-47.0894078 141.0231974 4371.518
-47.0894139 141.0236289 4367.518
-47.0894139 141.0242134 4355.518
-47.0894138 141.0245100 4360.518
-47.0894200 141.0247438 4369.518
-47.0894138 141.0254900 4345.518
-47.0894139 141.0261824 4327.518
-47.0894200 141.0263532 4339.518
-47.0894261 141.0266948 4341.518
-47.0894261 141.0269736 4347.518
-47.0894323 141.0271084 4363.518
-47.0894323 141.0276389 4353.518
-47.0894385 141.0280345 4352.518
-47.0894385 141.0283403 4357.518
-47.0894445 141.0287358 4356.518
-47.0894446 141.0290416 4361.518
-47.0894507 141.0293112 4368.518
-47.0894569 141.0295721 4376.518
-47.0894630 141.0299227 4379.518
-47.0894569 141.0307139 4349.518
-47.0894630 141.0309926 4357.518
-47.0894691 141.0311724 4370.518
-47.0894752 141.0313612 4383.518
-47.0894814 141.0315501 4397.518
-47.0894875 141.0317299 4410.518
-47.0894936 141.0319188 4424.518
-47.0894998 141.0322245 4430.518
-47.0894936 141.0328357 4414.518
-47.0894997 141.0330785 4424.518
-47.0895059 141.0333393 4433.518
-47.0895120 141.0336001 4441.518
-47.0895182 141.0338338 4453.518
-47.0895243 141.0341396 4458.518
-47.0895244 141.0344541 4464.518
-47.0895305 141.0348048 4468.518
-47.0895366 141.0352005 4466.518
-47.0895366 141.0355601 4468.518
-47.0895427 141.0360276 4462.518
-47.0895427 141.0363153 4470.518
-47.0895550 141.0364862 4486.518
-47.0895550 141.0368548 4488.518
-47.0895489 141.0376731 4453.518
-47.0895550 141.0381315 4449.518
-47.0895611 141.0383923 4458.518
-47.0895673 141.0384732 4482.518
-47.0895857 141.0383653 4523.518
-47.0895857 141.0389227 4510.518
-47.0895857 141.0393453 4507.518
-47.0895857 141.0398938 4494.518
-47.0895918 141.0402894 4493.518
-47.0896041 141.0402444 4529.518
-47.0896102 141.0403344 4554.518
-47.0896225 141.0405951 4567.518
-47.0896224 141.0409368 4570.518
-47.0896287 141.0413234 4570.518
-47.0896225 141.0420247 4543.518
-47.0896225 141.0427170 4516.518
-47.0896224 141.0433284 4498.518
-47.0896225 141.0436252 4504.518
-47.0896348 141.0438858 4516.518
-47.0896409 141.0442185 4522.518
-47.0896347 141.0448029 4504.518
-47.0896409 141.0450996 4513.518
-47.0896532 141.0453604 4524.518
-47.0896593 141.0456572 4532.518
-47.0896593 141.0460617 4531.518
-47.0896655 141.0464484 4531.518
-47.0896716 141.0468349 4531.518
-47.0896715 141.0473025 4523.518
-47.0896777 141.0476981 4523.518
-47.0896777 141.0480847 4523.518
-47.0896838 141.0484712 4522.518
-47.0899070 141.0486063 4548.538
-47.0899008 141.0491908 4527.538
-47.0899070 141.0495324 4533.538
-47.0899131 141.0499460 4530.538
-47.0899132 141.0503866 4525.538
-47.0899193 141.0507372 4528.538
-47.0899192 141.0511778 4522.538
-47.0899192 141.0516454 4513.538
-47.0899192 141.0521578 4499.538
-47.0899254 141.0524456 4511.538
-47.0899377 141.0526524 4530.538
-47.0899499 141.0528772 4549.538
-47.0899500 141.0533536 4540.538
-47.0899561 141.0537042 4544.538
-47.0899622 141.0540460 4547.538
-47.0899684 141.0544056 4552.538
-47.0899683 141.0548012 4552.538
-47.0899684 141.0552598 4544.538
-47.0899683 141.0557812 4527.538
-47.0899745 141.0561139 4534.538
-47.0899806 141.0565006 4534.538
-47.0899868 141.0568691 4536.538
-47.0899929 141.0572017 4542.538
-47.0899990 141.0575614 4547.538
-47.0899990 141.0580110 4538.538
-47.0900052 141.0583886 4539.538
-47.0900113 141.0587483 4542.538
-47.0900113 141.0591888 4537.538
-47.0900235 141.0594675 4550.538
-47.0900052 141.0602408 4497.538
-47.0900297 141.0603397 4538.538
-47.0900174 141.0609691 4502.538
-47.0900236 141.0613288 4506.538
-47.0900298 141.0616974 4508.538
-47.0900420 141.0619851 4522.538
-47.0900481 141.0623447 4526.538
-47.0900481 141.0627583 4522.538
-47.0900726 141.0628663 4565.538
-47.0900665 141.0633967 4541.538
-47.0900788 141.0637204 4553.538
-47.0900727 141.0642958 4522.538
-47.0900789 141.0646465 4526.538
-47.0900727 141.0651859 4501.538
-47.0900850 141.0655275 4509.538
-47.0900849 141.0659232 4508.538
-47.0900911 141.0662918 4510.538
-47.0901033 141.0666245 4518.538
-47.0901034 141.0670471 4511.538
-47.0901095 141.0674247 4514.538
-47.0901156 141.0678113 4513.538
-47.0901217 141.0681889 4512.538
-47.0901279 141.0685666 4513.538
-47.0901340 141.0689442 4513.538
-47.0901402 141.0693578 4507.538
-47.0901401 141.0697534 4506.538
-47.0901463 141.0701311 4505.538
-47.0901646 141.0704187 4529.538
-47.0901547 141.0709943 4486.538
-47.0901609 141.0713269 4496.538
-47.0901670 141.0716955 4499.538
-47.0901731 141.0721091 4493.538
-47.0901792 141.0724958 4493.538
-47.0901916 141.0728015 4510.538
-47.0902100 141.0730981 4530.538
-47.0901976 141.0736196 4498.538
-47.0902100 141.0739793 4504.538
-47.0902160 141.0743209 4511.538
-47.0902283 141.0746716 4518.538
-47.0902345 141.0750313 4524.538
-47.0902406 141.0754808 4509.538
-47.0902345 141.0759753 4479.538
-47.0902467 141.0763079 4493.538
-47.0902529 141.0766856 4493.538
-47.0902529 141.0770992 4480.538
-47.0902651 141.0774589 4490.538
-47.0902713 141.0778185 4493.538
-47.0902835 141.0781781 4502.538
-47.0902958 141.0785288 4510.538
-47.0903019 141.0788974 4517.538
-47.0903080 141.0792931 4508.538
-47.0903203 141.0796437 4523.538
-47.0903388 141.0799673 4547.538
-47.0903449 141.0803630 4541.538
-47.0903449 141.0807945 4526.538
-47.0903510 141.0811542 4531.538
-47.0903633 141.0815498 4530.538
-47.0903572 141.0819814 4507.538
-47.0903695 141.0823410 4517.538
-47.0903817 141.0827007 4525.538
-47.0903939 141.0830782 4530.538
-47.0904001 141.0834559 4532.538
-47.0904124 141.0838425 4534.538
-47.0904185 141.0842201 4536.538
-47.0904247 141.0845978 4537.538
-47.0904369 141.0849844 4536.538
-47.0904431 141.0853799 4536.538
-47.0904554 141.0857576 4538.538
-47.0904615 141.0861353 4541.538
-47.0904737 141.0865219 4546.538
-47.0904799 141.0869085 4537.538
-47.0904799 141.0872950 4527.538
-47.0904922 141.0876817 4535.538
-47.0905105 141.0880503 4546.538
-47.0905167 141.0884369 4547.538
-47.0905228 141.0888326 4535.538
-47.0905351 141.0892103 4542.538
-47.0905412 141.0895878 4546.538
-47.0905536 141.0899834 4545.538
-47.0905536 141.0903700 4535.538
-47.0905719 141.0907477 4551.538
-47.0905780 141.0911343 4545.538
-47.0904112 141.0915208 4563.538
-47.0904112 141.0919073 4555.538
-47.0904236 141.0922850 4556.538
-47.0904358 141.0926806 4557.538
-47.0904419 141.0930673 4558.538
-47.0904541 141.0934539 4559.538
-47.0904787 141.0938585 4586.538
-47.0904725 141.0942181 4560.538
-47.0904910 141.0946317 4578.538
-47.0904971 141.0949913 4568.538
-47.0905032 141.0953780 4555.538
-47.0905094 141.0957556 4549.538
-47.0905156 141.0961333 4546.538
-47.0905278 141.0965378 4551.538
-47.0905462 141.0969154 4559.538
-47.0905584 141.0973111 4564.538
-47.0905646 141.0977067 4566.538
-47.0905830 141.0981023 4574.538
-47.0905953 141.0984979 4583.538
-47.0906075 141.0988935 4584.538
-47.0906076 141.0992352 4560.538
-47.0906076 141.0995948 4544.538
-47.0906260 141.0999994 4553.538
-47.0906443 141.1004220 4572.538
-47.0906505 141.1007995 4569.538
-47.0906628 141.1011953 4573.538
-47.0906812 141.1016089 4578.538
-47.0906874 141.1019775 4574.538
-47.0906935 141.1023461 4570.538
-47.0907057 141.1027237 4564.538
-47.0907180 141.1031103 4564.538
-47.0907425 141.1035868 4597.538
-47.0907548 141.1039734 4595.538
-47.0907671 141.1043691 4600.538
-47.0907855 141.1048186 4615.538
-47.0908101 141.1052502 4634.538
-47.0908039 141.1055469 4603.538
-47.0908100 141.1059155 4595.538
-47.0908162 141.1062572 4584.538
-47.0908285 141.1066528 4581.538
-47.0908346 141.1070035 4572.538
-47.0908469 141.1073990 4575.538
-47.0908591 141.1078217 4583.538
-47.0908898 141.1083341 4616.538
-47.0909021 141.1087298 4618.538
-47.0909143 141.1090984 4613.538
-47.0909205 141.1094580 4604.538
-47.0909266 141.1097997 4592.538
-47.0909266 141.1101234 4576.538
-47.0909511 141.1105909 4596.538
-47.0909757 141.1110495 4613.538
-47.0909879 141.1114630 4615.538
-47.0910002 141.1118497 4614.538
-47.0906237 141.1122722 4621.538
-47.0906298 141.1126408 4618.538
-47.0906360 141.1130004 4609.538
-47.0906544 141.1133960 4610.538
-47.0906544 141.1137197 4598.538
-47.0906667 141.1141154 4598.538
-47.0906789 141.1144839 4593.538
-47.0907034 141.1150055 4621.538
-47.0907158 141.1153740 4616.538
-47.0907218 141.1157337 4610.538
-47.0907280 141.1160485 4595.538
-47.0907342 141.1163631 4583.538
-47.0907403 141.1167317 4579.538
-47.0907525 141.1171004 4575.538
-47.0907587 141.1174420 4569.538
-47.0907771 141.1178826 4575.538
-47.0908078 141.1184580 4606.538
-47.0907955 141.1185749 4564.538
-47.0908016 141.1189256 4556.538
-47.0908262 141.1194380 4576.538
-47.0908322 141.1197527 4565.538
-47.0908446 141.1201484 4566.538
-47.0908507 141.1204810 4558.538
-47.0908691 141.1209665 4573.538
-47.0908815 141.1212902 4565.538
-47.0908875 141.1216229 4555.538
-47.0908937 141.1219466 4546.538
-47.0908999 141.1222612 4536.538
-47.0909059 141.1225760 4525.538
-47.0909121 141.1228996 4516.538
-47.0909182 141.1231963 4506.538
-47.0909244 141.1234930 4494.538
-47.0909304 141.1238167 4485.538
-47.0909673 141.1245001 4526.538
-47.0909919 141.1249855 4539.538
-47.0909857 141.1251384 4508.538
-47.0909919 141.1254352 4498.538
-47.0909980 141.1257857 4494.538
-47.0910103 141.1261184 4488.538
-47.0910409 141.1267209 4516.538
-47.0910470 141.1270534 4511.538
-47.0910532 141.1273233 4496.538
-47.0910532 141.1275480 4476.538
-47.0910838 141.1281954 4508.538
-47.0910900 141.1284741 4496.538
-47.0910777 141.1285371 4459.538
-47.0910839 141.1288338 4448.538
-47.0910900 141.1291215 4438.538
-47.0911023 141.1294811 4437.538
-47.0911329 141.1300655 4460.538
-47.0911329 141.1302903 4441.538
-47.0911636 141.1311265 4451.538
-47.0911881 141.1316390 4467.538
-47.0912005 141.1320525 4469.538
-47.0912127 141.1324122 4467.538
-47.0912188 141.1327449 4462.538
-47.0912249 141.1329517 4444.538
-47.0907135 141.1333832 4449.518
-47.0907258 141.1336978 4443.518
-47.0907320 141.1340126 4436.518
-47.0907503 141.1344801 4445.518
-47.0907626 141.1349026 4449.518
-47.0907626 141.1351274 4434.518
-47.0907810 141.1356220 4446.518
-47.0907932 141.1359905 4446.518
-47.0907994 141.1363053 4439.518
-47.0908117 141.1366559 4437.518
-47.0908178 141.1369886 4432.518
-47.0908301 141.1373482 4430.518
-47.0908485 141.1378247 4439.518
-47.0908608 141.1381844 4437.518
-47.0908730 141.1385710 4439.518
-47.0908853 141.1389845 4442.518
-47.0908914 141.1393352 4439.518
-47.0908976 141.1395959 4428.518
-47.0909037 141.1398657 4420.518
-47.0909160 141.1402163 4418.518
-47.0909221 141.1405310 4411.518
-47.0909283 141.1408187 4404.518
-47.0909467 141.1412324 4407.518
-47.0909835 141.1421404 4453.518
-47.0909957 141.1425001 4451.518
-47.0909958 141.1426349 4431.518
-47.0910020 141.1429676 4425.518
-47.0910081 141.1432554 4418.518
-47.0910203 141.1435970 4416.518
-47.0910203 141.1437949 4402.518
-47.0910325 141.1441815 4401.518
-47.0910448 141.1445321 4399.518
-47.0910571 141.1449727 4404.518
-47.0910694 141.1453054 4402.518
-47.0910816 141.1456920 4403.518
-47.0910878 141.1459887 4396.518
-47.0911000 141.1463213 4393.518
-47.0911062 141.1466539 4390.518
-47.0911185 141.1470316 4389.518
-47.0911246 141.1472923 4381.518
-47.0911430 141.1477779 4389.518
-47.0911553 141.1481555 4389.518
-47.0911675 141.1485691 4393.518
-47.0911799 141.1489647 4394.518
-47.0911982 141.1494592 4403.518
-47.0911982 141.1496570 4390.518
-47.0912105 141.1500436 4390.518
-47.0912166 141.1503044 4383.518
-47.0912228 141.1505022 4370.518
-47.0912412 141.1510416 4381.518
-47.0912534 141.1514552 4383.518
-47.0912657 141.1517879 4381.518
-47.0912779 141.1522375 4386.518
-47.0912903 141.1526060 4386.518
-47.0913087 141.1531186 4395.518
-47.0913332 141.1537031 4409.518
-47.0913393 141.1539098 4399.518
-47.0913455 141.1542515 4396.518
-47.0913578 141.1545842 4392.518
-47.0913639 141.1548629 4386.518
-47.0913762 141.1552315 4384.518
-47.0913885 141.1556451 4388.518
-47.0914007 141.1560407 4389.518
-47.0914191 141.1564812 4392.518
-47.0914314 141.1568948 4395.518
-47.0914437 141.1573534 4401.518
-47.0914621 141.1577490 4402.518
-47.0914621 141.1579378 4390.518
-47.0914744 141.1583334 4391.518
-47.0914805 141.1585133 4378.518
-47.0914866 141.1588279 4374.518
-47.0915050 141.1593044 4381.518
-47.0915173 141.1597450 4383.518
-47.0915479 141.1605452 4410.518
-47.0915418 141.1605003 4385.518
-47.0915541 141.1608599 4382.518
-47.0915663 141.1612465 4383.518
-47.0915786 141.1616331 4383.518
-47.0916032 141.1622895 4400.518
-47.0916032 141.1623434 4382.518
-47.0916093 141.1626491 4377.518
-47.0916155 141.1629639 4373.518
-47.0916216 141.1631706 4364.518
-47.0916339 141.1635842 4365.518
-47.0916584 141.1642045 4379.518
-47.0916768 141.1646631 4384.518
-47.0916890 141.1650138 4383.518
-47.0917075 141.1656073 4396.518
-47.0917259 141.1661017 4402.518
-47.0917382 141.1665064 4403.518
-47.0917443 141.1667492 4395.518
-47.0917505 141.1669649 4386.518
-47.0917627 141.1673155 4383.518
-47.0917627 141.1674144 4369.518
-47.0917872 141.1681337 4387.518
-47.0917995 141.1685293 4388.518
-47.0918118 141.1688800 4387.518
-47.0918241 141.1692935 4388.518
-47.0918425 141.1697342 4391.518
-47.0918609 141.1702736 4399.518
-47.0918731 141.1706152 4397.518
-47.0918793 141.1709030 4392.518
-47.0918916 141.1712896 4392.518
-47.0919038 141.1716581 4393.518
-47.0919099 141.1719819 4389.518
