-57.9052589 141.4522747 3843.108
-57.9055120 141.4523377 3846.108
-57.9057555 141.4524006 3846.108
-57.9059943 141.4524636 3849.108
-57.9062713 141.4525356 3848.108
-57.9066055 141.4526254 3841.108
-57.9067917 141.4526703 3848.108
-57.9070400 141.4527423 3849.108
-57.9072836 141.4528053 3851.108
-57.9076941 141.4529132 3841.108
-57.9078565 141.4529582 3847.108
-57.9081716 141.4530390 3842.108
-57.9084629 141.4531111 3842.108
-57.9086205 141.4531560 3848.108
-57.9088640 141.4532191 3850.108
-57.9091457 141.4532909 3849.108
-57.9095277 141.4533900 3840.108
-57.9098716 141.4534798 3834.108
-57.9099862 141.4535159 3844.108
-57.9101963 141.4535697 3849.108
-57.9105114 141.4536507 3845.108
-57.9107262 141.4537137 3847.108
-57.9111083 141.4538126 3840.108
-57.9113566 141.4538755 3839.108
-57.9114902 141.4539115 3850.108
-57.9118341 141.4540015 3843.108
-57.9124596 141.4541634 3836.108
-57.9166186 141.4552606 3762.108
-57.9168860 141.4553325 3760.108
-57.9172059 141.4554134 3754.108
-57.9174828 141.4554854 3752.108
-57.9177455 141.4555574 3750.108
-57.9181514 141.4556653 3736.108
-57.9183949 141.4557283 3736.108
-57.9186050 141.4557822 3737.108
-57.9190873 141.4559081 3716.108
-57.9193451 141.4559711 3716.108
-57.9196173 141.4560521 3713.108
-57.9198991 141.4561240 3709.108
-57.9201616 141.4561960 3707.108
-57.9204004 141.4562589 3707.108
-57.9206487 141.4563219 3707.108
-57.9206058 141.4581291 3715.108
-57.9208302 141.4581831 3717.108
-57.9210259 141.4582371 3721.108
-57.9212742 141.4582909 3720.108
-57.9215369 141.4583538 3719.108
-57.9217565 141.4584079 3720.108
-57.9219571 141.4584618 3724.108
-57.9221767 141.4585158 3726.108
-57.9224012 141.4585698 3728.108
-57.9226065 141.4586237 3732.108
-57.9228165 141.4586778 3734.108
-57.9230410 141.4587317 3737.108
-57.9232320 141.4587767 3741.108
-57.9234182 141.4588216 3747.108
-57.9236378 141.4588755 3749.108
-57.9238671 141.4589386 3750.108
-57.9240915 141.4589925 3752.108
-57.9243255 141.4590465 3753.108
-57.9245356 141.4591004 3756.108
-57.9247648 141.4591544 3757.108
-57.9250035 141.4592173 3757.108
-57.9252518 141.4592804 3757.108
-57.9254619 141.4593254 3759.108
-57.9257102 141.4593883 3760.108
-57.9259250 141.4594422 3762.108
-57.9261685 141.4595052 3762.108
-57.9263930 141.4595591 3763.108
-57.9266031 141.4596130 3766.108
-57.9268228 141.4596671 3769.108
-57.9270567 141.4597210 3769.108
-57.9273098 141.4597840 3767.108
-57.9275438 141.4598470 3767.108
-57.9277682 141.4599010 3769.108
-57.9280022 141.4599549 3769.108
-57.9282553 141.4600178 3769.108
-57.9284702 141.4600718 3771.108
-57.9287328 141.4601348 3768.108
-57.9289810 141.4601977 3767.108
-57.9292103 141.4602606 3768.108
-57.9294346 141.4603146 3770.108
-57.9296639 141.4603685 3771.108
-57.9299026 141.4604315 3770.108
-57.9301461 141.4604854 3769.108
-57.9303896 141.4605484 3768.108
-57.9306380 141.4606113 3766.108
-57.9308720 141.4606743 3766.108
-57.9311059 141.4607282 3768.108
-57.9313399 141.4607913 3767.108
-57.9315595 141.4608451 3769.108
-57.9317696 141.4608992 3772.108
-57.9320322 141.4609621 3768.108
-57.9322567 141.4610161 3770.108
-57.9324859 141.4610790 3769.108
-57.9327486 141.4611420 3767.108
-57.9329587 141.4611959 3770.108
-57.9331927 141.4612589 3770.108
-57.9334696 141.4613219 3764.108
-57.9336845 141.4613759 3765.108
-57.9339184 141.4614388 3766.108
-57.9342192 141.4615107 3756.108
-57.9344771 141.4615736 3752.108
-57.9347445 141.4616367 3746.108
-57.9350119 141.4616996 3740.108
-57.9352697 141.4617627 3737.108
-57.9354799 141.4618256 3738.108
-57.9357042 141.4618795 3741.108
-57.9358952 141.4619335 3747.108
-57.9360911 141.4619874 3754.108
-57.9362868 141.4620414 3760.108
-57.9364922 141.4620954 3764.108
-57.9366927 141.4621493 3770.108
-57.9369363 141.4622123 3768.108
-57.9371654 141.4622752 3768.108
-57.9374138 141.4623381 3764.108
-57.9376190 141.4623921 3770.108
-57.9378244 141.4624460 3773.108
-57.9380584 141.4625091 3774.108
-57.9383019 141.4625720 3771.108
-57.9385406 141.4626261 3769.108
-57.9387651 141.4626889 3770.108
-57.9389895 141.4627519 3772.108
-57.9392139 141.4628058 3773.108
-57.9394574 141.4628689 3770.108
-57.9397296 141.4629408 3760.108
-57.9400065 141.4630038 3752.108
-57.9402691 141.4630668 3746.108
-57.9405222 141.4631296 3738.108
-57.9408135 141.4632016 3725.108
-57.9411525 141.4632736 3702.108
-57.9415823 141.4633634 3656.108
-57.9419118 141.4634355 3631.108
-57.9421791 141.4634983 3620.108
-57.9424370 141.4635614 3610.108
-57.9427187 141.4636333 3596.108
-57.9430243 141.4636963 3576.108
-57.9433442 141.4637682 3551.108
-57.9438408 141.4638941 3534.108
-57.9440509 141.4639481 3533.108
-57.9442658 141.4640109 3534.108
-57.9444663 141.4640650 3536.108
-57.9446287 141.4641190 3551.108
-57.9448245 141.4641730 3557.108
-57.9449868 141.4642269 3571.108
-57.9451396 141.4642808 3590.108
-57.9453211 141.4643347 3599.108
-57.9454882 141.4643888 3613.108
-57.9456744 141.4644517 3626.108
-57.9458463 141.4645058 3639.108
-57.9460278 141.4645597 3651.108
-57.9462045 141.4646226 3664.108
-57.9463907 141.4646766 3674.108
-57.9465817 141.4647305 3684.108
-57.9467774 141.4647935 3695.108
-57.9469732 141.4648564 3702.108
-57.9471785 141.4649194 3711.108
-57.9473695 141.4649733 3720.108
-57.9475748 141.4650364 3727.108
-57.9477945 141.4650993 3729.108
-57.9479999 141.4651622 3736.108
-57.9482099 141.4652252 3744.108
-57.9484152 141.4652882 3752.108
-57.9486301 141.4653510 3757.108
-57.9488403 141.4654140 3762.108
-57.9490552 141.4654770 3766.108
-57.9492843 141.4655400 3767.108
-57.9494992 141.4656030 3769.108
-57.9501773 141.4658007 3777.108
-57.9503921 141.4658638 3778.108
-57.9506261 141.4659267 3774.108
-57.9508648 141.4659897 3764.108
-57.9511179 141.4660616 3756.108
-57.9513184 141.4661245 3764.108
-57.9515381 141.4661875 3769.108
-57.9517721 141.4662594 3771.108
-57.9524883 141.4664483 3739.108
-57.9527176 141.4665023 3732.108
-57.9529611 141.4665652 3721.108
-57.9531903 141.4666372 3720.108
-57.9534099 141.4667001 3714.108
-57.9536343 141.4667632 3717.108
-57.9538492 141.4668260 3715.108
-57.9540688 141.4668980 3724.108
-57.9569434 141.4678603 3882.108
-57.9578125 141.4688230 3867.108
-57.9580560 141.4689219 3892.108
-57.9582947 141.4689938 3893.108
-57.9585287 141.4690748 3909.108
-57.9587627 141.4691647 3926.108
-57.9590014 141.4692457 3938.108
-57.9592402 141.4693267 3942.108
-57.9594789 141.4694076 3950.108
-57.9597176 141.4694795 3951.108
-57.9599659 141.4695696 3962.108
-57.9609497 141.4699113 4008.108
-57.9611836 141.4699832 4002.108
-57.9614367 141.4700642 4007.108
-57.9616659 141.4701360 3999.108
-57.9628452 141.4704957 3985.108
-57.9630840 141.4705678 3984.108
-57.9633132 141.4706397 3981.108
-57.9635424 141.4707116 3976.108
-57.9637955 141.4707926 3981.108
-57.9640247 141.4708646 3973.108
-57.9642539 141.4709366 3971.108
-57.9645070 141.4710174 3978.108
-57.9647410 141.4710984 3976.108
-57.9649797 141.4711704 3976.108
-57.9651803 141.4712243 3953.108
-57.9659013 141.4714581 3955.108
-57.9661209 141.4715211 3947.108
-57.9663453 141.4715930 3947.108
-57.9665841 141.4716740 3947.108
-57.9668372 141.4717640 3954.108
-57.9670712 141.4718359 3951.108
-57.9673147 141.4719258 3955.108
-57.9675535 141.4719978 3954.108
-57.9677778 141.4720697 3949.108
-57.9680213 141.4721507 3948.108
-57.9682363 141.4722227 3944.108
-57.9684750 141.4723035 3943.108
-57.9687042 141.4723756 3942.108
-57.9689621 141.4724655 3947.108
-57.9691864 141.4725375 3944.108
-57.9694204 141.4726183 3942.108
-57.9696449 141.4726902 3939.108
-57.9698836 141.4727713 3938.108
-57.9701128 141.4728432 3935.108
-57.9703564 141.4729332 3937.108
-57.9706190 141.4730231 3944.108
-57.9708625 141.4731130 3946.108
-57.9711156 141.4732030 3950.108
-57.9713305 141.4732659 3942.108
-57.9715549 141.4733378 3938.108
-57.9717745 141.4734098 3935.108
-57.9720133 141.4734908 3934.108
-57.9722521 141.4735807 3935.108
-57.9725003 141.4736616 3939.108
-57.9727200 141.4737336 3933.108
-57.9729492 141.4738145 3932.108
-57.9731784 141.4738954 3929.108
-57.9734458 141.4739854 3934.108
-57.9736654 141.4740664 3930.108
-57.9738899 141.4741383 3927.108
-57.9740952 141.4742013 3921.108
-57.9743387 141.4742912 3920.108
-57.9746156 141.4743900 3930.108
-57.9748735 141.4744891 3934.108
-57.9751218 141.4745791 3936.108
-57.9753940 141.4746780 3943.108
-57.9756853 141.4747858 3954.108
-57.9759908 141.4749028 3967.108
-57.9762773 141.4750107 3976.108
-57.9765543 141.4751186 3983.108
-57.9768360 141.4752175 3991.108
-57.9771177 141.4753255 3998.108
-57.9784165 141.4758382 4060.108
-57.9787890 141.4759820 4081.108
-57.9791471 141.4761259 4101.108
-57.9794575 141.4762429 4112.108
-57.9797487 141.4763507 4119.108
-57.9800210 141.4764587 4123.108
-57.9803122 141.4765666 4129.108
-57.9805892 141.4766656 4133.108
-57.9808805 141.4767734 4140.108
-57.9811621 141.4768814 4144.108
-57.9814296 141.4769803 4146.108
-57.9816922 141.4770703 4147.108
-57.9819501 141.4771692 4148.108
-57.9822126 141.4772592 4149.108
-57.9824753 141.4773580 4151.108
-57.9827761 141.4774751 4156.108
-57.9830196 141.4775559 4153.108
-57.9832488 141.4776370 4150.108
-57.9834828 141.4777178 4146.108
-57.9836929 141.4777898 4140.108
-57.9839078 141.4778707 4133.108
-57.9841370 141.4779518 4129.108
-57.9843710 141.4780326 4125.108
-57.9845859 141.4781045 4119.108
-57.9847912 141.4781765 4112.108
-57.9849535 141.4782304 4100.108
-57.9851350 141.4782845 4088.108
-57.9853307 141.4783564 4080.108
-57.9854882 141.4784014 4067.108
-57.9856698 141.4784644 4056.108
-57.9858273 141.4785094 4043.108
-57.9859849 141.4785632 4030.108
-57.9861377 141.4786083 4019.108
-57.9862857 141.4786532 4004.108
-57.9864624 141.4787161 3995.108
-57.9866057 141.4787521 3980.108
-57.9867585 141.4788060 3968.108
-57.9869017 141.4788511 3955.108
-57.9870545 141.4788961 3941.108
-57.9872026 141.4789411 3930.108
-57.9873553 141.4789950 3919.108
-57.9875033 141.4790399 3905.108
-57.9876466 141.4790848 3893.108
-57.9877898 141.4791299 3880.108
-57.9879283 141.4791748 3869.108
-57.9880334 141.4792018 3852.108
-57.9881575 141.4792378 3837.108
-57.9882530 141.4792647 3820.108
-57.9883820 141.4793008 3807.108
-57.9884727 141.4793277 3790.108
-57.9885730 141.4793547 3774.108
-57.9886494 141.4793727 3755.108
-57.9045954 141.4527396 3834.737
-57.9047339 141.4527936 3843.737
-57.9050682 141.4529016 3840.737
-57.9053069 141.4529824 3841.737
-57.9054597 141.4530454 3851.737
-57.9059467 141.4531804 3836.737
-57.9060613 141.4532342 3847.737
-57.9063239 141.4533243 3848.737
-57.9066200 141.4534231 3846.737
-57.9068683 141.4535040 3849.737
-57.9069829 141.4535580 3858.737
-57.9074413 141.4536929 3846.737
-57.9076944 141.4537829 3847.737
-57.9079761 141.4538728 3848.737
-57.9082770 141.4539718 3845.737
-57.9085491 141.4540617 3845.737
-57.9088308 141.4541516 3843.737
-57.9092559 141.4542775 3832.737
-57.9093847 141.4543406 3842.737
-57.9097189 141.4544394 3838.737
-57.9099243 141.4545113 3842.737
-57.9101535 141.4545923 3845.737
-57.9104209 141.4546823 3846.737
-57.9106310 141.4547542 3849.737
-57.9108125 141.4548261 3857.737
-57.9160937 141.4564900 3766.737
-57.9163515 141.4565710 3765.737
-57.9166380 141.4566700 3763.737
-57.9169578 141.4567688 3756.737
-57.9172157 141.4568498 3757.737
-57.9175404 141.4569577 3750.737
-57.9178364 141.4570476 3746.737
-57.9181230 141.4571375 3741.737
-57.9183952 141.4572275 3739.737
-57.9187437 141.4573354 3732.737
-57.9190445 141.4574344 3727.737
-57.9193072 141.4575153 3725.737
-57.9196558 141.4576232 3714.737
-57.9198611 141.4576951 3718.737
-57.9201906 141.4577941 3712.737
-57.9205249 141.4572180 3711.737
-57.9207350 141.4572989 3715.737
-57.9209546 141.4573708 3717.737
-57.9212029 141.4574608 3716.737
-57.9214177 141.4575327 3720.737
-57.9216470 141.4576138 3721.737
-57.9218618 141.4576946 3722.737
-57.9220815 141.4577756 3725.737
-57.9222963 141.4578475 3728.737
-57.9225017 141.4579285 3731.737
-57.9227117 141.4580004 3733.737
-57.9229648 141.4580814 3733.737
-57.9231558 141.4581533 3739.737
-57.9233326 141.4582253 3744.737
-57.9235521 141.4583063 3747.737
-57.9237623 141.4583781 3749.737
-57.9239772 141.4584592 3753.737
-57.9242159 141.4585401 3753.737
-57.9244356 141.4586210 3754.737
-57.9246886 141.4587019 3753.737
-57.9248891 141.4587739 3757.737
-57.9251041 141.4588548 3761.737
-57.9253094 141.4589268 3764.737
-57.9255481 141.4590167 3764.737
-57.9257869 141.4590976 3765.737
-57.9260400 141.4591786 3763.737
-57.9262739 141.4592596 3763.737
-57.9264936 141.4593405 3765.737
-57.9267133 141.4594216 3766.737
-57.9269568 141.4595023 3767.737
-57.9271955 141.4595834 3767.737
-57.9274199 141.4596643 3768.737
-57.9276539 141.4597453 3769.737
-57.9278783 141.4598262 3769.737
-57.9281267 141.4599071 3769.737
-57.9283654 141.4599971 3770.737
-57.9286041 141.4600780 3768.737
-57.9288333 141.4601590 3768.737
-57.9290912 141.4602489 3768.737
-57.9293251 141.4603299 3768.737
-57.9295591 141.4604108 3767.737
-57.9297931 141.4604917 3767.737
-57.9300176 141.4605637 3769.737
-57.9302324 141.4606446 3770.737
-57.9304807 141.4607346 3770.737
-57.9307147 141.4608156 3771.737
-57.9309439 141.4608875 3770.737
-57.9311874 141.4609774 3770.737
-57.9314357 141.4610583 3767.737
-57.9316793 141.4611393 3766.737
-57.9318894 141.4612202 3768.737
-57.9321185 141.4613011 3771.737
-57.9323477 141.4613821 3771.737
-57.9325960 141.4614631 3769.737
-57.9328252 141.4615440 3771.737
-57.9330640 141.4616249 3769.737
-57.9333362 141.4617148 3764.737
-57.9335797 141.4617958 3760.737
-57.9338423 141.4618857 3757.737
-57.9340715 141.4619578 3757.737
-57.9343294 141.4620477 3754.737
-57.9345824 141.4621286 3750.737
-57.9348594 141.4622186 3742.737
-57.9351267 141.4623085 3735.737
-57.9353655 141.4623894 3735.737
-57.9355804 141.4624613 3737.737
-57.9358000 141.4625423 3739.737
-57.9359815 141.4626143 3748.737
-57.9361629 141.4626862 3755.737
-57.9363587 141.4627582 3762.737
-57.9365641 141.4628300 3765.737
-57.9367980 141.4629201 3766.737
-57.9370082 141.4629921 3769.737
-57.9372373 141.4630729 3769.737
-57.9374808 141.4631539 3768.737
-57.9376623 141.4632258 3775.737
-57.9378962 141.4633067 3775.737
-57.9381350 141.4633877 3773.737
-57.9383690 141.4634687 3772.737
-57.9386126 141.4635495 3771.737
-57.9388226 141.4636215 3773.737
-57.9389992 141.4636934 3783.737
-57.9392619 141.4637834 3779.737
-57.9395771 141.4638733 3760.737
-57.9398827 141.4639633 3744.737
-57.9401166 141.4640442 3744.737
-57.9403506 141.4641251 3741.737
-57.9406372 141.4642061 3730.737
-57.9409380 141.4642961 3713.737
-57.9413486 141.4643950 3673.737
-57.9417354 141.4644940 3636.737
-57.9420266 141.4645749 3620.737
-57.9422845 141.4646559 3610.737
-57.9425805 141.4647458 3593.737
-57.9428957 141.4648267 3569.737
-57.9432252 141.4649166 3543.737
-57.9437409 141.4650695 3520.737
-57.9439319 141.4651416 3525.737
-57.9440942 141.4652135 3539.737
-57.9442517 141.4652764 3552.737
-57.9444237 141.4653483 3564.737
-57.9445765 141.4654203 3580.737
-57.9447531 141.4654923 3590.737
-57.9449490 141.4655642 3596.737
-57.9451209 141.4656451 3610.737
-57.9452975 141.4657172 3620.737
-57.9454647 141.4657891 3637.737
-57.9456461 141.4658611 3649.737
-57.9458227 141.4659330 3661.737
-57.9460137 141.4660138 3670.737
-57.9461904 141.4660859 3682.737
-57.9463671 141.4661668 3696.737
-57.9469926 141.4663917 3710.737
-57.9471980 141.4664725 3717.737
-57.9474081 141.4665535 3722.737
-57.9476134 141.4666255 3728.737
-57.9478187 141.4667065 3734.737
-57.9480336 141.4667874 3739.737
-57.9482293 141.4668594 3750.737
-57.9484586 141.4669403 3750.737
-57.9486734 141.4670213 3752.737
-57.9488883 141.4670932 3755.737
-57.9491175 141.4671742 3754.737
-57.9493372 141.4672550 3755.737
-57.9495615 141.4673361 3756.737
-57.9497813 141.4674079 3760.737
-57.9500105 141.4674889 3756.737
-57.9502300 141.4675699 3758.737
-57.9509177 141.4678036 3755.737
-57.9511564 141.4678756 3745.737
-57.9513904 141.4679476 3740.737
-57.9516149 141.4680285 3737.737
-57.9518489 141.4681005 3734.737
-57.9520780 141.4681724 3726.737
-57.9523120 141.4682444 3718.737
-57.9525507 141.4683163 3709.737
-57.9527751 141.4683973 3707.737
-57.9529948 141.4684691 3704.737
-57.9532144 141.4685412 3706.737
-57.9534341 141.4686221 3709.737
-57.9536538 141.4687031 3709.737
-57.9538733 141.4687840 3713.737
-57.9540883 141.4688649 3720.737
-57.9542984 141.4689458 3729.737
-57.9545228 141.4690268 3731.737
-57.9547472 141.4691078 3735.737
-57.9549669 141.4691887 3742.737
-57.9551913 141.4692697 3745.737
-57.9553967 141.4693505 3752.737
-57.9556210 141.4694316 3757.737
-57.9558407 141.4695125 3764.737
-57.9560699 141.4695845 3751.737
-57.9563039 141.4696563 3749.737
-57.9565187 141.4697373 3753.737
-57.9567384 141.4698273 3768.737
-57.9569676 141.4699083 3768.737
-57.9572398 141.4695127 3853.737
-57.9574689 141.4695937 3854.737
-57.9576981 141.4696746 3854.737
-57.9579322 141.4697555 3854.737
-57.9581661 141.4698635 3885.737
-57.9584048 141.4699624 3905.737
-57.9586437 141.4700614 3925.737
-57.9588871 141.4701603 3939.737
-57.9591164 141.4702502 3950.737
-57.9593599 141.4703401 3961.737
-57.9596082 141.4704481 3982.737
-57.9598517 141.4705380 3989.737
-57.9608210 141.4708888 4014.737
-57.9610645 141.4709697 4004.737
-57.9612890 141.4710327 3995.737
-57.9615278 141.4711136 3993.737
-57.9617665 141.4711946 3992.737
-57.9620052 141.4712755 3991.737
-57.9622392 141.4713565 3991.737
-57.9624732 141.4714375 3990.737
-57.9627071 141.4715094 3985.737
-57.9629316 141.4715814 3971.737
-57.9631560 141.4716532 3965.737
-57.9633995 141.4717342 3970.737
-57.9636574 141.4718332 3981.737
-57.9638913 141.4719142 3980.737
-57.9641301 141.4719951 3982.737
-57.9643641 141.4720760 3978.737
-57.9645933 141.4721479 3974.737
-57.9648176 141.4722198 3967.737
-57.9650516 141.4723008 3964.737
-57.9652809 141.4723728 3960.737
-57.9655244 141.4724537 3962.737
-57.9657488 141.4725346 3957.737
-57.9659923 141.4726156 3958.737
-57.9662215 141.4726966 3957.737
-57.9664555 141.4727684 3954.737
-57.9666942 141.4728495 3957.737
-57.9669426 141.4729394 3959.737
-57.9671956 141.4730294 3967.737
-57.9673914 141.4730833 3949.737
-57.9676159 141.4731553 3945.737
-57.9678260 141.4732182 3935.737
-57.9680695 141.4733081 3937.737
-57.9683178 141.4733981 3943.737
-57.9685422 141.4734701 3937.737
-57.9688000 141.4735600 3944.737
-57.9690435 141.4736499 3948.737
-57.9692680 141.4737219 3944.737
-57.9694733 141.4737759 3934.737
-57.9697455 141.4738837 3944.737
-57.9699938 141.4739646 3947.737
-57.9702134 141.4740366 3942.737
-57.9704331 141.4741086 3936.737
-57.9706813 141.4741895 3939.737
-57.9709106 141.4742704 3938.737
-57.9711541 141.4743514 3939.737
-57.9714024 141.4744413 3941.737
-57.9716317 141.4745134 3940.737
-57.9718560 141.4745853 3935.737
-57.9720805 141.4746662 3933.737
-57.9723287 141.4747471 3936.737
-57.9725914 141.4748461 3942.737
-57.9727729 141.4748910 3928.737
-57.9729734 141.4749540 3918.737
-57.9732264 141.4750439 3921.737
-57.9734939 141.4751339 3929.737
-57.9737136 141.4752058 3926.737
-57.9739236 141.4752778 3921.737
-57.9741719 141.4753587 3921.737
-57.9744106 141.4754397 3922.737
-57.9746780 141.4755386 3929.737
-57.9749311 141.4756285 3931.737
-57.9751842 141.4757184 3935.737
-57.9754707 141.4758174 3944.737
-57.9757572 141.4759254 3955.737
-57.9760580 141.4760333 3967.737
-57.9763541 141.4761502 3978.737
-57.9766501 141.4762582 3990.737
-57.9769223 141.4763570 3994.737
-57.9771993 141.4764559 4001.737
-57.9775144 141.4765729 4015.737
-57.9781591 141.4768246 4047.737
-57.9785505 141.4769776 4071.737
-57.9789039 141.4771125 4092.737
-57.9792239 141.4772294 4103.737
-57.9795294 141.4773464 4114.737
-57.9805990 141.4777151 4124.737
-57.9808999 141.4778231 4131.737
-57.9811959 141.4779310 4139.737
-57.9814872 141.4780300 4146.737
-57.9817689 141.4781289 4149.737
-57.9820316 141.4782187 4152.737
-57.9823037 141.4783087 4153.737
-57.9825902 141.4784167 4157.737
-57.9828433 141.4784976 4157.737
-57.9830772 141.4785785 4154.737
-57.9833017 141.4786415 4149.737
-57.9835308 141.4787223 4145.737
-57.9837697 141.4787943 4142.737
-57.9839941 141.4788663 4136.737
-57.9844239 141.4790012 4125.737
-57.9846196 141.4790551 4116.737
-57.9848345 141.4791271 4111.737
-57.9850398 141.4791901 4102.737
-57.9852499 141.4792530 4098.737
-57.9853836 141.4792799 4080.737
-57.9855412 141.4793250 4067.737
-57.9856845 141.4793520 4052.737
-57.9858134 141.4793789 4033.737
-57.9859518 141.4794149 4019.737
-57.9860999 141.4794509 4004.737
-57.9862813 141.4795049 3996.737
-57.9864340 141.4795408 3984.737
-57.9866060 141.4795947 3974.737
-57.9867540 141.4796308 3961.737
-57.9869020 141.4796668 3948.737
-57.9870501 141.4797118 3936.737
-57.9872029 141.4797477 3923.737
-57.9873556 141.4797836 3912.737
-57.9874941 141.4798196 3899.737
-57.9876326 141.4798556 3886.737
-57.9877902 141.4799006 3876.737
-57.9879286 141.4799365 3863.737
-57.9880719 141.4799725 3851.737
-57.9882008 141.4799995 3838.737
